2.556e-04   dnuc= 2.355e+14   d(1) bounce= 2.805e+14   r.s.(0)= 1.048e+00

 -------------neutrino information follows----------

       onue-          oanue-         omutaue-      tot e-out
      5.815e+49      6.158e+46      5.236e+46      5.827e+49

       onun           oanun          omutaun       tot n out
      9.333e+54      1.259e+52      1.078e+52      9.356e+54

  3.330e+50     3.921e+44       3.076e+44

  6.832e+06              1.939e+06      3.102e+06

  1.007e+00      9.839e-01

          neutrino edit r=  3.000e+07

  9.145e+03    5.023e+03    4.719e+03

           g       fout      hout      hmout     fnot      hnot     hmnot     f( 79)     h( 79)     hm( 79)
     2 4.000e+03 1.094e+49 1.186e+46 1.001e+46 1.707e+54 1.851e+51 1.562e+51 2.879e+30 4.787e+25 3.034e+25
     3 5.040e+03 1.108e+49 7.209e+45 5.949e+45 1.371e+54 8.926e+50 7.366e+50 6.218e+30 4.328e+25 2.444e+25
     4 6.350e+03 7.929e+48 3.029e+45 2.421e+45 7.792e+53 2.976e+50 2.379e+50 1.221e+31 3.098e+25 1.508e+25
     5 8.000e+03 4.656e+48 8.175e+44 6.230e+44 3.632e+53 6.377e+49 4.860e+49 2.096e+31 1.631e+25 6.789e+24
     6 1.008e+04 2.155e+48 1.298e+44 9.226e+43 1.334e+53 8.039e+48 5.712e+48 2.625e+31 5.593e+24 2.127e+24
     7 1.270e+04 5.252e+47 1.089e+43 7.024e+42 2.581e+52 5.351e+47 3.452e+47 1.566e+31 1.146e+24 4.313e+23
     8 1.600e+04 4.377e+46 4.196e+41 2.346e+41 1.707e+51 1.636e+46 9.152e+45 3.539e+30 1.296e+23 4.658e+22
     9 2.016e+04 1.030e+45 6.166e+39 2.644e+39 3.190e+49 1.909e+44 8.185e+43 1.965e+29 6.970e+21 2.103e+21
    10 2.540e+04 5.939e+42 2.693e+37 6.146e+36 1.459e+47 6.616e+41 1.510e+41 2.440e+27 1.070e+20 2.138e+19
    11 3.200e+04 6.193e+39 2.433e+34 5.928e+33 1.208e+44 4.744e+38 1.156e+38 5.556e+24 3.891e+17 1.192e+16
    12 4.032e+04 7.927e+35 4.419e+30 6.659e+30 1.227e+40 6.839e+34 1.031e+35 1.853e+21 2.572e+14 4.401e+13
    13 5.080e+04 9.343e+30 1.713e+27 9.061e+29 1.148e+35 2.104e+31 1.113e+34 8.579e+16 2.671e+10 1.502e+12
    14 6.400e+04 9.849e+25 2.355e+26 2.693e+26 9.603e+29 2.296e+30 2.626e+30 1.263e+12 8.871e+05 1.145e+09
    15 8.063e+04 6.325e+25 6.303e+25 1.321e+26 4.895e+29 4.877e+29 1.022e+30 1.127e+07 4.181e+02 2.267e+07
    16 1.016e+05 7.824e+25 7.801e+25 2.097e+23 4.806e+29 4.792e+29 1.288e+27 7.071e+01 1.168e+01 1.214e+04
    17 1.280e+05 9.790e+25 9.774e+25 3.889e+23 4.773e+29 4.765e+29 1.896e+27 1.374e-02 2.078e-02 1.195e+02
    18 1.613e+05 1.215e+26 1.196e+26 2.319e+25 4.700e+29 4.629e+29 8.975e+28 2.068e-04 9.449e-04 3.607e-01
    19 2.032e+05 3.048e+25 3.074e+25 4.587e+25 9.360e+28 9.442e+28 1.409e+29 5.019e-05 1.414e-04 1.073e-01
    20 2.560e+05 3.769e+18 5.542e+18 5.662e+18 9.186e+21 1.351e+22 1.380e+22 1.360e-07 3.892e-07 9.576e-04
    21 3.225e+05 1.638e+16 2.409e+16 2.483e+16 3.169e+19 4.661e+19 4.805e+19 5.997e-10 1.983e-09 8.663e-06


               bottom$****** cycle= 1.00200e+03   time= 4.227e-01   dt= 5.558e-06 *****************


               top$********* cycle= 1.29800e+03   time= 4.234e-01   dt= 5.749e-06 *****************

1.008e-03   dnuc= 2.366e+14   d(1) bounce= 5.485e+14   r.s.(0)= 1.104e+00


 -------------neutrino information follows----------

       onue-          oanue-         omutaue-      tot e-out
      5.965e+49      6.171e+46      5.246e+46      5.977e+49

       onun           oanun          omutaun       tot n out
      9.519e+54      1.261e+52      1.080e+52      9.542e+54

  4.082e+50     5.166e+44       3.506e+44

  5.715e+06              3.005e+06      3.403e+06

  1.007e+00      9.833e-01

          neutrino edit r=  3.000e+07

  9.187e+03    5.733e+03    4.697e+03

           g       fout      hout      hmout     fnot      hnot     hmnot     f( 79)     h( 79)     hm( 79)
     2 4.000e+03 1.125e+49 1.190e+46 1.005e+46 1.756e+54 1.857e+51 1.567e+51 2.597e+30 6.593e+25 3.336e+25
     3 5.040e+03 1.140e+49 7.238e+45 5.972e+45 1.412e+54 8.962e+50 7.395e+50 6.273e+30 7.095e+25 2.606e+25
     4 6.350e+03 8.203e+48 3.045e+45 2.433e+45 8.062e+53 2.993e+50 2.391e+50 1.443e+31 6.386e+25 1.591e+25
     5 8.000e+03 4.854e+48 8.239e+44 6.275e+44 3.786e+53 6.426e+49 4.895e+49 2.921e+31 4.505e+25 7.146e+24
     6 1.008e+04 2.271e+48 1.313e+44 9.322e+43 1.406e+53 8.130e+48 5.771e+48 3.686e+31 2.264e+25 2.279e+24
     7 1.270e+04 5.634e+47 1.108e+43 7.133e+42 2.768e+52 5.442e+47 3.505e+47 1.869e+31 7.061e+24 4.883e+23
     8 1.600e+04 4.792e+46 4.303e+41 2.401e+41 1.869e+51 1.678e+46 9.365e+45 3.267e+30 1.083e+24 5.781e+22
     9 2.016e+04 1.143e+45 6.394e+39 2.737e+39 3.537e+49 1.979e+44 8.471e+43 1.329e+29 5.892e+22 2.751e+21
    10 2.540e+04 6.661e+42 2.834e+37 6.468e+36 1.637e+47 6.963e+41 1.589e+41 1.331e+27 7.330e+20 2.841e+19
    11 3.200e+04 7.050e+39 2.613e+34 6.260e+33 1.375e+44 5.095e+38 1.221e+38 2.451e+24 1.718e+18 3.690e+15
    12 4.032e+04 9.259e+35 4.820e+30 9.046e+30 1.433e+40 7.461e+34 1.400e+35 5.753e+20 5.248e+14 6.822e+13
    13 5.080e+04 1.203e+31 1.730e+27 9.954e+29 1.478e+35 2.126e+31 1.223e+34 1.527e+16 1.544e+10 2.524e+12
    14 6.400e+04 1.371e+26 2.471e+26 1.148e+25 1.337e+30 2.409e+30 1.119e+29 1.334e+11 1.410e+05 2.376e+09
    15 8.063e+04 6.338e+25 6.303e+25 1.417e+26 4.905e+29 4.877e+29 1.097e+30 6.458e+05 1.690e+02 5.321e+07
    16 1.016e+05 7.840e+25 7.801e+25 2.238e+23 4.816e+29 4.792e+29 1.375e+27 2.208e+00 3.194e+00 3.062e+04
    17 1.280e+05 9.810e+25 9.775e+25 3.910e+23 4.783e+29 4.765e+29 1.906e+27 9.605e-01 3.184e-03 3.364e+02
    18 1.613e+05 1.217e+26 1.196e+26 2.320e+25 4.710e+29 4.629e+29 8.976e+28 9.389e-01 1.523e-05 4.014e-01
    19 2.032e+05 3.016e+25 3.075e+25 4.588e+25 9.263e+28 9.443e+28 1.409e+29 9.065e-01 1.332e-06 9.125e-02
    20 2.560e+05 3.921e+23 3.914e+19 3.989e+19 9.559e+26 9.541e+22 9.722e+22 8.593e-01 3.482e-09 7.033e-04
    21 3.225e+05 4.856e+23 4.460e+17 4.560e+17 9.395e+26 8.629e+20 8.822e+20 7.937e-01 1.035e-15 2.593e-06




               top$********* cycle= 1.46700e+03   time= 4.244e-01   dt= 6.010e-06 *****************

2.008e-03   dnuc= 2.365e+14   d(1) bounce= 5.485e+14   r.s.(0)= 1.097e+00


 -------------neutrino information follows----------

       onue-          oanue-         omutaue-      tot e-out
      6.174e+49      6.189e+46      5.260e+46      6.185e+49

       onun           oanun          omutaun       tot n out
      9.776e+54      1.264e+52      1.082e+52      9.799e+54

  5.211e+50     1.749e+46       5.677e+47

  5.370e+06              5.084e+06      6.573e+06

  1.019e+00      9.708e-01

          neutrino edit r=  3.000e+07

  8.526e+03    5.356e+03    5.368e+03

           g       fout      hout      hmout     fnot      hnot     hmnot     f( 80)     h( 80)     hm( 80)
     2 4.000e+03 1.168e+49 1.195e+46 1.009e+46 1.822e+54 1.864e+51 1.574e+51 2.155e+30 3.185e+28 1.189e+30
     3 5.040e+03 1.186e+49 7.277e+45 6.003e+45 1.468e+54 9.011e+50 7.433e+50 8.088e+30 4.483e+28 1.502e+30
     4 6.350e+03 8.585e+48 3.067e+45 2.450e+45 8.437e+53 3.015e+50 2.407e+50 2.113e+31 3.743e+28 1.226e+30
     5 8.000e+03 5.132e+48 8.323e+44 6.335e+44 4.003e+53 6.492e+49 4.941e+49 3.434e+31 1.534e+28 5.571e+29
     6 1.008e+04 2.437e+48 1.333e+44 9.451e+43 1.509e+53 8.254e+48 5.851e+48 3.023e+31 3.356e+27 1.740e+29
     7 1.270e+04 6.192e+47 1.133e+43 7.282e+42 3.042e+52 5.567e+47 3.578e+47 1.164e+31 3.814e+26 4.184e+28
     8 1.600e+04 5.416e+46 4.451e+41 2.477e+41 2.112e+51 1.736e+46 9.660e+45 1.543e+30 1.628e+25 7.188e+27
     9 2.016e+04 1.314e+45 6.715e+39 2.866e+39 4.068e+49 2.079e+44 8.871e+43 4.791e+28 2.187e+23 7.493e+26
    10 2.540e+04 7.781e+42 3.036e+37 6.928e+36 1.912e+47 7.460e+41 1.702e+41 4.137e+26 1.549e+21 3.019e+25
    11 3.200e+04 8.404e+39 2.879e+34 6.732e+33 1.639e+44 5.613e+38 1.313e+38 6.310e+23 2.528e+18 4.306e+23
    12 4.032e+04 1.146e+36 5.436e+30 1.229e+31 1.773e+40 8.414e+34 1.903e+35 1.159e+20 6.281e+14 2.695e+21
    13 5.080e+04 1.728e+31 1.751e+27 1.122e+30 2.122e+35 2.152e+31 1.378e+34 2.650e+15 3.080e+10 1.005e+19
    14 6.400e+04 2.362e+26 2.621e+26 4.312e+26 2.303e+30 2.556e+30 4.204e+30 2.269e+10 1.219e+06 3.265e+16
    15 8.063e+04 6.354e+25 6.302e+25 1.561e+26 4.917e+29 4.877e+29 1.208e+30 9.985e+04 6.725e+01 1.986e+14
    16 1.016e+05 7.860e+25 7.802e+25 2.476e+23 4.828e+29 4.792e+29 1.521e+27 9.619e-01 9.888e-01 1.513e+12
    17 1.280e+05 9.836e+25 9.775e+25 3.936e+23 4.795e+29 4.765e+29 1.919e+27 9.421e-01 6.933e-04 1.908e+10
    18 1.613e+05 1.220e+26 1.196e+26 2.320e+25 4.722e+29 4.629e+29 8.977e+28 9.129e-01 7.119e-06 1.161e+07
    19 2.032e+05 2.976e+25 3.075e+25 4.588e+25 9.140e+28 9.444e+28 1.409e+29 8.711e-01 6.269e-08 4.181e+04
    20 2.560e+05 8.908e+23 8.200e+19 8.368e+19 2.171e+27 1.999e+23 2.040e+23 8.130e-01 1.159e-10 5.645e+00
    21 3.225e+05 1.104e+24 9.832e+17 1.008e+18 2.135e+27 1.902e+21 1.949e+21 7.361e-01 1.474e-17 1.146e-02


               top$********* cycle= 1.63200e+03   time= 4.255e-01   dt= 6.108e-06 *****************

3.012e-03   dnuc= 2.364e+14   d(1) bounce= 5.485e+14   r.s.(0)= 1.096e+00

 -------------neutrino information follows----------

       onue-          oanue-         omutaue-      tot e-out
      6.394e+49      6.206e+46      5.274e+46      6.405e+49

       onun           oanun          omutaun       tot n out
      1.005e+55      1.266e+52      1.084e+52      1.007e+55

  6.659e+50     4.657e+47       3.364e+49

  6.429e+06              5.655e+06      6.898e+06

  1.017e+00      9.745e-01

          neutrino edit r=  3.000e+07

  8.976e+03    8.360e+03    1.110e+04

           g       fout      hout      hmout     fnot      hnot     hmnot     f( 81)     h( 81)     hm( 81)
     2 4.000e+03 1.212e+49 1.200e+46 1.013e+46 1.891e+54 1.872e+51 1.580e+51 7.068e+30 6.145e+28 2.894e+30
     3 5.040e+03 1.233e+49 7.316e+45 6.033e+45 1.527e+54 9.059e+50 7.471e+50 1.641e+31 1.151e+29 4.628e+30
     4 6.350e+03 8.990e+48 3.090e+45 2.466e+45 8.835e+53 3.036e+50 2.424e+50 3.471e+31 1.813e+29 6.854e+30
     5 8.000e+03 5.432e+48 8.409e+44 6.395e+44 4.237e+53 6.559e+49 4.988e+49 5.727e+31 2.315e+29 9.221e+30
     6 1.008e+04 2.619e+48 1.354e+44 9.584e+43 1.622e+53 8.381e+48 5.933e+48 6.108e+31 2.170e+29 1.097e+31
     7 1.270e+04 6.818e+47 1.159e+43 7.436e+42 3.350e+52 5.697e+47 3.654e+47 3.488e+31 1.270e+29 1.112e+31
     8 1.600e+04 6.139e+46 4.607e+41 2.556e+41 2.394e+51 1.797e+46 9.969e+45 8.657e+30 3.639e+28 9.032e+30
     9 2.016e+04 1.517e+45 7.060e+39 3.004e+39 4.697e+49 2.185e+44 9.298e+43 7.286e+29 3.865e+27 5.387e+30
    10 2.540e+04 9.127e+42 3.259e+37 7.433e+36 2.242e+47 8.007e+41 1.826e+41 2.400e+28 1.778e+26 1.461e+30
    11 3.200e+04 1.007e+40 3.181e+34 7.244e+33 1.964e+44 6.202e+38 1.413e+38 2.105e+26 2.209e+24 1.294e+29
    12 4.032e+04 1.430e+36 6.169e+30 1.564e+31 2.213e+40 9.549e+34 2.421e+35 4.736e+23 6.467e+21 3.213e+27
    13 5.080e+04 2.556e+31 1.769e+27 1.258e+30 3.140e+35 2.173e+31 1.545e+34 3.130e+20 5.182e+18 1.584e+25
    14 6.400e+04 4.357e+26 2.768e+26 9.459e+26 4.248e+30 2.699e+30 9.223e+30 5.590e+16 1.045e+15 4.601e+22
    15 8.063e+04 6.371e+25 6.302e+25 1.723e+26 4.930e+29 4.877e+29 1.333e+30 2.257e+12 4.532e+10 8.988e+20
    16 1.016e+05 7.881e+25 7.802e+25 2.785e+23 4.841e+29 4.792e+29 1.710e+27 1.408e+07 2.959e+05 5.679e+17
    17 1.280e+05 9.862e+25 9.775e+25 3.963e+23 4.808e+29 4.766e+29 1.932e+27 1.323e+01 3.013e-01 6.188e+15
    18 1.613e+05 1.224e+26 1.196e+26 2.320e+25 4.735e+29 4.629e+29 8.978e+28 9.217e-01 5.268e-06 2.718e+12
    19 2.032e+05 2.936e+25 3.075e+25 4.588e+25 9.016e+28 9.445e+28 1.409e+29 8.835e-01 4.559e-08 5.541e+09
    20 2.560e+05 1.396e+24 1.231e+20 1.258e+20 3.402e+27 3.000e+23 3.067e+23 8.296e-01 9.246e-11 2.467e+07
    21 3.225e+05 1.730e+24 1.495e+18 1.538e+18 3.347e+27 2.892e+21 2.976e+21 7.568e-01 1.284e-17 1.358e+03


4.009e-03   dnuc= 2.364e+14   d(1) bounce= 5.485e+14   r.s.(0)= 1.093e+00


 -------------neutrino information follows----------

       onue-          oanue-         omutaue-      tot e-out
      6.624e+49      6.223e+46      5.287e+46      6.635e+49

       onun           oanun          omutaun       tot n out
      1.033e+55      1.269e+52      1.086e+52      1.035e+55

  1.013e+51     2.001e+48       1.362e+50

  6.846e+06              5.866e+06      7.564e+06

  1.013e+00      9.761e-01

          neutrino edit r=  3.000e+07

  1.082e+04    9.503e+03    1.391e+04

           g       fout      hout      hmout     fnot      hnot     hmnot     f( 82)     h( 82)     hm( 82)
     2 4.000e+03 1.258e+49 1.205e+46 1.017e+46 1.962e+54 1.880e+51 1.586e+51 8.686e+30 9.162e+28 2.725e+30
     3 5.040e+03 1.282e+49 7.355e+45 6.064e+45 1.588e+54 9.107e+50 7.508e+50 1.710e+31 1.835e+29 4.264e+30
     4 6.350e+03 9.415e+48 3.112e+45 2.483e+45 9.253e+53 3.058e+50 2.440e+50 3.369e+31 3.067e+29 6.191e+30
     5 8.000e+03 5.752e+48 8.495e+44 6.456e+44 4.487e+53 6.627e+49 5.036e+49 6.258e+31 4.242e+29 8.386e+30
     6 1.008e+04 2.818e+48 1.374e+44 9.718e+43 1.744e+53 8.509e+48 6.016e+48 9.373e+31 4.664e+29 1.080e+31
     7 1.270e+04 7.514e+47 1.187e+43 7.594e+42 3.692e+52 5.831e+47 3.731e+47 9.351e+31 3.686e+29 1.309e+31
     8 1.600e+04 6.970e+46 4.770e+41 2.638e+41 2.718e+51 1.860e+46 1.029e+46 5.217e+31 1.827e+29 1.428e+31
     9 2.016e+04 1.755e+45 7.427e+39 3.149e+39 5.432e+49 2.299e+44 9.749e+43 1.313e+31 4.430e+28 1.361e+31
    10 2.540e+04 1.073e+43 3.502e+37 7.982e+36 2.636e+47 8.603e+41 1.961e+41 1.336e+30 4.512e+27 7.606e+30
    11 3.200e+04 1.211e+40 3.521e+34 7.794e+33 2.361e+44 6.866e+38 1.520e+38 3.818e+28 1.179e+26 1.717e+30
    12 4.032e+04 1.795e+36 7.039e+30 1.907e+31 2.778e+40 1.090e+35 2.951e+35 2.823e+26 7.598e+23 1.073e+29
    13 5.080e+04 3.856e+31 1.783e+27 1.404e+30 4.737e+35 2.190e+31 1.724e+34 5.283e+23 1.189e+21 7.533e+26
    14 6.400e+04 8.135e+26 2.910e+26 1.479e+27 7.932e+30 2.837e+30 1.443e+31 2.091e+20 3.878e+17 4.100e+23
    15 8.063e+04 6.387e+25 6.299e+25 1.904e+26 4.943e+29 4.875e+29 1.474e+30 1.439e+16 2.230e+13 2.915e+22
    16 1.016e+05 7.902e+25 7.802e+25 3.170e+23 4.853e+29 4.793e+29 1.947e+27 1.369e+11 1.878e+08 1.907e+20
    17 1.280e+05 9.887e+25 9.775e+25 3.988e+23 4.820e+29 4.766e+29 1.944e+27 2.361e+05 3.255e+02 1.059e+17
    18 1.613e+05 1.227e+26 1.196e+26 2.321e+25 4.747e+29 4.629e+29 8.979e+28 9.518e-01 2.388e-04 2.328e+15
    19 2.032e+05 2.895e+25 3.076e+25 4.589e+25 8.891e+28 9.446e+28 1.409e+29 8.967e-01 9.758e-08 6.417e+10
    20 2.560e+05 1.900e+24 1.620e+20 1.660e+20 4.631e+27 3.950e+23 4.045e+23 8.476e-01 2.092e-10 7.842e+08
    21 3.225e+05 2.355e+24 1.976e+18 2.043e+18 4.556e+27 3.823e+21 3.953e+21 7.799e-01 3.464e-17 1.240e+03


               top$********* cycle= 1.95700e+03   time= 4.275e-01   dt= 6.137e-06 *****************

5.010e-03   dnuc= 2.364e+14   d(1) bounce= 5.485e+14   r.s.(0)= 1.095e+00


 -------------neutrino information follows----------

       onue-          oanue-         omutaue-      tot e-out
      6.868e+49      6.240e+46      5.301e+46      6.879e+49

       onun           oanun          omutaun       tot n out
      1.062e+55      1.271e+52      1.088e+52      1.064e+55

  1.463e+51     4.685e+48       2.524e+50

  6.930e+06              5.952e+06      7.867e+06

  1.015e+00      9.764e-01

          neutrino edit r=  3.000e+07

  1.094e+04    9.542e+03    1.411e+04

           g       fout      hout      hmout     fnot      hnot     hmnot     f( 83)     h( 83)     hm( 83)
     2 4.000e+03 1.305e+49 1.210e+46 1.021e+46 2.036e+54 1.888e+51 1.593e+51 8.764e+30 1.103e+29 2.321e+30
     3 5.040e+03 1.334e+49 7.394e+45 6.094e+45 1.652e+54 9.155e+50 7.546e+50 1.616e+31 2.252e+29 3.577e+30
     4 6.350e+03 9.867e+48 3.134e+45 2.499e+45 9.697e+53 3.080e+50 2.456e+50 2.915e+31 3.800e+29 5.132e+30
     5 8.000e+03 6.097e+48 8.583e+44 6.517e+44 4.756e+53 6.695e+49 5.083e+49 4.926e+31 5.209e+29 6.794e+30
     6 1.008e+04 3.035e+48 1.396e+44 9.855e+43 1.879e+53 8.642e+48 6.101e+48 6.978e+31 5.589e+29 8.469e+30
     7 1.270e+04 8.297e+47 1.215e+43 7.757e+42 4.077e+52 5.969e+47 3.812e+47 7.224e+31 4.373e+29 9.954e+30
     8 1.600e+04 7.934e+46 4.942e+41 2.724e+41 3.094e+51 1.927e+46 1.063e+46 4.618e+31 2.257e+29 1.072e+31
     9 2.016e+04 2.036e+45 7.822e+39 3.305e+39 6.304e+49 2.421e+44 1.023e+44 1.499e+31 6.308e+28 1.048e+31
    10 2.540e+04 1.267e+43 3.769e+37 8.585e+36 3.112e+47 9.261e+41 2.109e+41 2.189e+30 7.776e+27 6.823e+30
    11 3.200e+04 1.462e+40 3.910e+34 8.392e+33 2.851e+44 7.626e+38 1.637e+38 9.276e+28 2.515e+26 1.994e+30
    12 4.032e+04 2.272e+36 8.093e+30 2.261e+31 3.516e+40 1.253e+35 3.500e+35 1.135e+27 2.343e+24 1.751e+29
    13 5.080e+04 5.903e+31 1.793e+27 1.560e+30 7.252e+35 2.203e+31 1.917e+34 3.227e+24 4.745e+21 1.361e+27
    14 6.400e+04 1.503e+27 3.048e+26 2.022e+27 1.466e+31 2.972e+30 1.971e+31 1.707e+21 1.783e+18 1.221e+24
    15 8.063e+04 6.404e+25 6.292e+25 2.109e+26 4.956e+29 4.870e+29 1.632e+30 1.379e+17 1.088e+14 1.013e+23
    16 1.016e+05 7.922e+25 7.803e+25 3.641e+23 4.866e+29 4.793e+29 2.236e+27 1.604e+12 1.116e+09 6.505e+19
    17 1.280e+05 9.913e+25 9.776e+25 4.014e+23 4.833e+29 4.766e+29 1.957e+27 4.707e+06 3.371e+03 1.738e+18
    18 1.613e+05 1.230e+26 1.196e+26 2.321e+25 4.760e+29 4.629e+29 8.980e+28 6.475e+00 4.482e-03 1.755e+16
    19 2.032e+05 2.854e+25 3.076e+25 4.589e+25 8.766e+28 9.447e+28 1.409e+29 9.106e-01 3.118e-07 5.516e+11
    20 2.560e+05 2.407e+24 1.994e+20 2.046e+20 5.867e+27 4.861e+23 4.987e+23 8.669e-01 7.554e-10 7.691e+09
    21 3.225e+05 2.984e+24 2.433e+18 2.529e+18 5.774e+27 4.707e+21 4.893e+21 8.058e-01 1.933e-16 6.164e+03


               top$********* cycle= 2.11900e+03   time= 4.284e-01   dt= 6.176e-06 *****************

6.007e-03   dnuc= 2.364e+14   d(1) bounce= 5.485e+14   r.s.(0)= 1.091e+00


 -------------neutrino information follows----------

       onue-          oanue-         omutaue-      tot e-out
      7.123e+49      6.257e+46      5.315e+46      7.134e+49

       onun           oanun          omutaun       tot n out
      1.093e+55      1.274e+52      1.090e+52      1.095e+55

  1.810e+51     7.969e+48       3.473e+50

  6.964e+06              6.011e+06      7.999e+06

  1.011e+00      9.762e-01

          neutrino edit r=  3.000e+07

  1.041e+04    9.417e+03    1.371e+04

           g       fout      hout      hmout     fnot      hnot     hmnot     f( 83)     h( 83)     hm( 83)
     2 4.000e+03 1.354e+49 1.215e+46 1.025e+46 2.113e+54 1.895e+51 1.599e+51 9.259e+30 1.494e+29 2.352e+30
     3 5.040e+03 1.388e+49 7.432e+45 6.125e+45 1.719e+54 9.203e+50 7.584e+50 1.662e+31 3.099e+29 3.612e+30
     4 6.350e+03 1.034e+49 3.157e+45 2.516e+45 1.016e+54 3.102e+50 2.473e+50 2.893e+31 5.287e+29 5.139e+30
     5 8.000e+03 6.465e+48 8.671e+44 6.579e+44 5.043e+53 6.764e+49 5.132e+49 4.557e+31 7.228e+29 6.766e+30
     6 1.008e+04 3.273e+48 1.417e+44 9.994e+43 2.026e+53 8.776e+48 6.187e+48 5.844e+31 7.562e+29 8.312e+30
     7 1.270e+04 9.169e+47 1.244e+43 7.923e+42 4.505e+52 6.112e+47 3.893e+47 5.405e+31 5.704e+29 9.497e+30
     8 1.600e+04 9.041e+46 5.121e+41 2.814e+41 3.526e+51 1.997e+46 1.097e+46 3.250e+31 2.803e+29 9.759e+30
     9 2.016e+04 2.366e+45 8.243e+39 3.470e+39 7.325e+49 2.552e+44 1.074e+44 1.052e+31 7.686e+28 8.989e+30
    10 2.540e+04 1.498e+43 4.062e+37 9.242e+36 3.680e+47 9.980e+41 2.271e+41 1.597e+30 9.092e+27 5.822e+30
    11 3.200e+04 1.770e+40 4.352e+34 9.036e+33 3.452e+44 8.487e+38 1.762e+38 7.313e+28 3.061e+26 1.815e+30
    12 4.032e+04 2.889e+36 9.367e+30 2.624e+31 4.471e+40 1.450e+35 4.061e+35 1.010e+27 2.921e+24 1.707e+29
    13 5.080e+04 9.043e+31 1.799e+27 1.727e+30 1.111e+36 2.210e+31 2.122e+34 3.012e+24 5.850e+21 1.341e+27
    14 6.400e+04 2.691e+27 3.181e+26 2.561e+27 2.624e+31 3.102e+30 2.497e+31 1.505e+21 2.047e+18 4.402e+24
    15 8.063e+04 6.420e+25 6.279e+25 2.334e+26 4.969e+29 4.859e+29 1.806e+30 1.067e+17 1.148e+14 3.576e+23
    16 1.016e+05 7.943e+25 7.803e+25 4.177e+23 4.879e+29 4.793e+29 2.565e+27 1.383e+12 1.478e+09 9.105e+18
    17 1.280e+05 9.939e+25 9.776e+25 4.038e+23 4.846e+29 4.766e+29 1.969e+27 7.883e+06 7.921e+03 7.990e+17
    18 1.613e+05 1.233e+26 1.196e+26 2.321e+25 4.773e+29 4.629e+29 8.981e+28 2.134e+01 2.153e-02 8.538e+15
    19 2.032e+05 2.814e+25 3.076e+25 4.589e+25 8.642e+28 9.447e+28 1.409e+29 9.104e-01 2.897e-07 6.560e+10
    20 2.560e+05 2.911e+24 2.349e+20 2.413e+20 7.096e+27 5.727e+23 5.883e+23 8.668e-01 7.275e-10 4.589e+08
    21 3.225e+05 3.610e+24 2.862e+18 2.991e+18 6.984e+27 5.538e+21 5.788e+21 8.058e-01 2.412e-15 1.461e+06


               top$********* cycle= 2.28200e+03   time= 4.295e-01   dt= 6.163e-06 *****************

7.011e-03   dnuc= 2.364e+14   d(1) bounce= 5.485e+14   r.s.(0)= 1.092e+00


 -------------neutrino information follows----------

       onue-          oanue-         omutaue-      tot e-out
      7.405e+49      6.275e+46      5.329e+46      7.417e+49

       onun           oanun          omutaun       tot n out
      1.126e+55      1.276e+52      1.092e+52      1.128e+55

  2.074e+51     1.207e+49       4.335e+50

  7.007e+06              6.077e+06      8.036e+06

  1.011e+00      9.762e-01

          neutrino edit r=  3.000e+07

  9.959e+03    9.410e+03    1.339e+04

           g       fout      hout      hmout     fnot      hnot     hmnot     f( 85)     h( 85)     hm( 85)
     2 4.000e+03 1.407e+49 1.220e+46 1.029e+46 2.195e+54 1.903e+51 1.605e+51 7.528e+30 1.559e+29 2.025e+30
     3 5.040e+03 1.447e+49 7.472e+45 6.156e+45 1.792e+54 9.253e+50 7.623e+50 1.334e+31 3.278e+29 3.106e+30
     4 6.350e+03 1.087e+49 3.180e+45 2.534e+45 1.068e+54 3.126e+50 2.490e+50 2.274e+31 5.677e+29 4.416e+30
     5 8.000e+03 6.882e+48 8.765e+44 6.644e+44 5.368e+53 6.837e+49 5.182e+49 3.462e+31 7.856e+29 5.795e+30
     6 1.008e+04 3.547e+48 1.441e+44 1.014e+44 2.196e+53 8.919e+48 6.279e+48 4.208e+31 8.261e+29 7.054e+30
     7 1.270e+04 1.020e+48 1.275e+43 8.104e+42 5.011e+52 6.266e+47 3.982e+47 3.560e+31 6.185e+29 7.955e+30
     8 1.600e+04 1.039e+47 5.319e+41 2.912e+41 4.051e+51 2.075e+46 1.136e+46 1.916e+31 2.962e+29 8.018e+30
     9 2.016e+04 2.776e+45 8.717e+39 3.654e+39 8.594e+49 2.698e+44 1.131e+44 5.694e+30 7.797e+28 7.074e+30
    10 2.540e+04 1.792e+43 4.401e+37 9.999e+36 4.402e+47 1.081e+42 2.457e+41 7.874e+29 8.453e+27 4.347e+30
    11 3.200e+04 2.171e+40 4.884e+34 9.766e+33 4.234e+44 9.524e+38 1.904e+38 3.460e+28 2.720e+26 1.323e+30
    12 4.032e+04 3.735e+36 1.101e+31 3.016e+31 5.781e+40 1.704e+35 4.668e+35 4.388e+26 2.304e+24 1.185e+29
    13 5.080e+04 1.402e+32 1.801e+27 1.913e+30 1.722e+36 2.212e+31 2.351e+34 1.136e+24 3.814e+21 1.007e+27
    14 6.400e+04 4.741e+27 3.316e+26 3.123e+27 4.622e+31 3.233e+30 3.045e+31 4.603e+20 1.022e+18 3.828e+24
    15 8.063e+04 6.437e+25 6.254e+25 2.590e+26 4.982e+29 4.840e+29 2.005e+30 2.566e+16 4.543e+13 3.252e+23
    16 1.016e+05 7.963e+25 7.803e+25 4.771e+23 4.891e+29 4.793e+29 2.930e+27 3.138e+11 6.900e+08 4.233e+19
    17 1.280e+05 9.965e+25 9.776e+25 4.063e+23 4.858e+29 4.766e+29 1.981e+27 1.662e+06 3.930e+03 8.002e+16
    18 1.613e+05 1.237e+26 1.196e+26 2.321e+25 4.785e+29 4.629e+29 8.982e+28 4.375e+00 1.035e-02 1.888e+15
    19 2.032e+05 2.773e+25 3.076e+25 4.589e+25 8.517e+28 9.448e+28 1.409e+29 9.263e-01 2.355e-06 1.821e+11
    20 2.560e+05 3.419e+24 2.706e+20 2.783e+20 8.334e+27 6.597e+23 6.785e+23 8.895e-01 7.364e-09 5.427e+07
    21 3.225e+05 4.241e+24 3.287e+18 3.456e+18 8.205e+27 6.360e+21 6.687e+21 8.370e-01 5.688e-15 4.007e+05



               top$********* cycle= 2.44400e+03   time= 4.305e-01   dt= 6.149e-06 *****************

8.009e-03   dnuc= 2.364e+14   d(1) bounce= 5.485e+14   r.s.(0)= 1.091e+00


 -------------neutrino information follows----------

       onue-          oanue-         omutaue-      tot e-out
      7.986e+49      6.310e+46      5.356e+46      7.997e+49

       onun           oanun          omutaun       tot n out
      1.194e+55      1.282e+52      1.096e+52      1.197e+55

  2.288e+51     1.750e+49       5.205e+50

  7.030e+06              6.130e+06      8.047e+06

  1.010e+00      9.760e-01

          neutrino edit r=  3.000e+07

  9.642e+03    9.573e+03    1.332e+04

           g       fout      hout      hmout     fnot      hnot     hmnot     f( 99)     h( 99)     hm( 99)
     2 4.000e+03 1.514e+49 1.230e+46 1.037e+46 2.361e+54 1.919e+51 1.618e+51 7.506e+30 2.042e+29 2.266e+30
     3 5.040e+03 1.567e+49 7.551e+45 6.218e+45 1.941e+54 9.350e+50 7.699e+50 1.317e+31 4.363e+29 3.481e+30
     4 6.350e+03 1.196e+49 3.227e+45 2.568e+45 1.175e+54 3.171e+50 2.523e+50 2.213e+31 7.718e+29 4.949e+30
     5 8.000e+03 7.756e+48 8.949e+44 6.772e+44 6.050e+53 6.981e+49 5.283e+49 3.316e+31 1.096e+30 6.506e+30
     6 1.008e+04 4.133e+48 1.487e+44 1.044e+44 2.559e+53 9.205e+48 6.461e+48 3.906e+31 1.188e+30 7.893e+30
     7 1.270e+04 1.244e+48 1.339e+43 8.465e+42 6.115e+52 6.578e+47 4.160e+47 3.098e+31 9.147e+29 8.869e+30
     8 1.600e+04 1.342e+47 5.725e+41 3.112e+41 5.236e+51 2.233e+46 1.214e+46 1.503e+31 4.502e+29 8.938e+30
     9 2.016e+04 3.714e+45 9.709e+39 4.036e+39 1.150e+50 3.005e+44 1.249e+44 4.041e+30 1.212e+29 7.818e+30
    10 2.540e+04 2.476e+43 5.127e+37 1.162e+37 6.083e+47 1.260e+42 2.854e+41 4.963e+29 1.314e+28 4.713e+30
    11 3.200e+04 3.122e+40 6.072e+34 1.130e+34 6.089e+44 1.184e+39 2.204e+38 2.126e+28 4.171e+26 1.425e+30
    12 4.032e+04 5.793e+36 1.489e+31 3.804e+31 8.967e+40 2.304e+35 5.887e+35 2.523e+26 3.273e+24 1.278e+29
    13 5.080e+04 2.732e+32 1.768e+27 2.292e+30 3.356e+36 2.172e+31 2.816e+34 5.852e+23 4.583e+21 1.346e+27
    14 6.400e+04 1.071e+28 3.570e+26 4.211e+27 1.044e+32 3.481e+30 4.106e+31 1.937e+20 9.213e+17 4.636e+24
    15 8.063e+04 6.459e+25 6.175e+25 3.108e+26 4.998e+29 4.779e+29 2.405e+30 7.745e+15 2.840e+13 4.072e+23
    16 1.016e+05 7.984e+25 7.804e+25 5.948e+23 4.904e+29 4.793e+29 3.653e+27 6.402e+10 2.491e+08 3.205e+19
    17 1.280e+05 9.991e+25 9.776e+25 4.110e+23 4.871e+29 4.766e+29 2.004e+27 1.351e+05 5.608e+02 4.035e+16
    18 1.613e+05 1.240e+26 1.196e+26 2.322e+25 4.798e+29 4.630e+29 8.984e+28 9.541e-01 8.162e-04 1.023e+15
    19 2.032e+05 2.733e+25 3.077e+25 4.590e+25 8.392e+28 9.450e+28 1.410e+29 9.262e-01 3.096e-06 9.164e+10
    20 2.560e+05 3.925e+24 3.387e+20 3.490e+20 9.567e+27 8.255e+23 8.508e+23 8.894e-01 1.590e-08 1.496e+07
    21 3.225e+05 4.866e+24 4.084e+18 4.346e+18 9.414e+27 7.901e+21 8.409e+21 8.368e-01 5.679e-14 1.468e+05


               top$********* cycle= 2.60700e+03   time= 4.315e-01   dt= 6.110e-06 *****************

9.009e-03   dnuc= 2.364e+14   d(1) bounce= 5.485e+14   r.s.(0)= 1.092e+00


 -------------neutrino information follows----------

       onue-          oanue-         omutaue-      tot e-out
      8.444e+49      6.335e+46      5.377e+46      8.456e+49

       onun           oanun          omutaun       tot n out
      1.248e+55      1.285e+52      1.099e+52      1.250e+55

  2.474e+51     2.465e+49       6.133e+50

  7.038e+06              6.172e+06      8.078e+06

  1.010e+00      9.759e-01

          neutrino edit r=  3.000e+07

  9.606e+03    9.803e+03    1.344e+04

           g       fout      hout      hmout     fnot      hnot     hmnot     f(103)     h(103)     hm(103)
     2 4.000e+03 1.596e+49 1.237e+46 1.043e+46 2.489e+54 1.930e+51 1.627e+51 6.794e+30 2.361e+29 2.353e+30
     3 5.040e+03 1.661e+49 7.609e+45 6.264e+45 2.057e+54 9.422e+50 7.756e+50 1.190e+31 5.152e+29 3.619e+30
     4 6.350e+03 1.282e+49 3.261e+45 2.593e+45 1.260e+54 3.205e+50 2.549e+50 1.997e+31 9.357e+29 5.195e+30
     5 8.000e+03 8.461e+48 9.089e+44 6.870e+44 6.600e+53 7.090e+49 5.358e+49 3.034e+31 1.366e+30 6.883e+30
     6 1.008e+04 4.617e+48 1.522e+44 1.066e+44 2.859e+53 9.423e+48 6.600e+48 3.637e+31 1.533e+30 8.386e+30
     7 1.270e+04 1.436e+48 1.388e+43 8.743e+42 7.056e+52 6.819e+47 4.296e+47 2.875e+31 1.228e+30 9.457e+30
     8 1.600e+04 1.611e+47 6.044e+41 3.268e+41 6.283e+51 2.357e+46 1.275e+46 1.327e+31 6.347e+29 9.582e+30
     9 2.016e+04 4.555e+45 1.051e+40 4.340e+39 1.410e+50 3.253e+44 1.344e+44 3.272e+30 1.814e+29 8.465e+30
    10 2.540e+04 3.101e+43 5.731e+37 1.295e+37 7.620e+47 1.408e+42 3.182e+41 3.551e+29 2.127e+28 5.164e+30
    11 3.200e+04 4.027e+40 7.117e+34 1.254e+34 7.853e+44 1.388e+39 2.446e+38 1.428e+28 6.963e+26 1.591e+30
    12 4.032e+04 7.941e+36 1.858e+31 4.408e+31 1.229e+41 2.876e+35 6.823e+35 1.540e+26 5.522e+24 1.516e+29
    13 5.080e+04 4.454e+32 1.503e+27 2.583e+30 5.471e+36 1.846e+31 3.173e+34 3.139e+23 7.477e+21 1.951e+27
    14 6.400e+04 1.940e+28 3.753e+26 5.015e+27 1.892e+32 3.660e+30 4.890e+31 9.021e+19 1.601e+18 4.360e+24
    15 8.063e+04 6.492e+25 6.072e+25 3.498e+26 5.024e+29 4.699e+29 2.707e+30 4.466e+15 8.671e+13 4.238e+23
    16 1.016e+05 8.005e+25 7.804e+25 6.829e+23 4.917e+29 4.794e+29 4.195e+27 6.461e+10 1.317e+09 3.505e+19
    17 1.280e+05 1.002e+26 9.777e+25 4.145e+23 4.884e+29 4.766e+29 2.021e+27 2.644e+05 5.481e+03 1.075e+17
    18 1.613e+05 1.243e+26 1.196e+26 2.322e+25 4.811e+29 4.630e+29 8.985e+28 1.009e+00 6.740e-03 3.901e+15
    19 2.032e+05 2.692e+25 3.077e+25 4.590e+25 8.267e+28 9.451e+28 1.410e+29 9.297e-01 1.417e-06 2.171e+11
    20 2.560e+05 4.430e+24 3.883e+20 3.998e+20 1.080e+28 9.465e+23 9.746e+23 8.945e-01 4.698e-09 1.402e+06
    21 3.225e+05 5.485e+24 4.652e+18 4.985e+18 1.061e+28 9.000e+21 9.644e+21 8.440e-01 1.981e-15 6.147e+04


               top$********* cycle= 2.77000e+03   time= 4.324e-01   dt= 6.134e-06 *****************

1.001e-02   dnuc= 2.364e+14   d(1) bounce= 5.485e+14   r.s.(0)= 1.092e+00


 -------------neutrino information follows----------

       onue-          oanue-         omutaue-      tot e-out
      8.824e+49      6.355e+46      5.392e+46      8.836e+49

       onun           oanun          omutaun       tot n out
      1.291e+55      1.288e+52      1.102e+52      1.294e+55

  2.633e+51     3.289e+49       7.053e+50

  7.088e+06              6.259e+06      8.084e+06

  1.010e+00      9.759e-01

          neutrino edit r=  3.000e+07

  9.556e+03    9.972e+03    1.356e+04

           g       fout      hout      hmout     fnot      hnot     hmnot     f(106)     h(106)     hm(106)
     2 4.000e+03 1.661e+49 1.243e+46 1.048e+46 2.591e+54 1.939e+51 1.635e+51 6.585e+30 2.776e+29 2.595e+30
     3 5.040e+03 1.737e+49 7.654e+45 6.299e+45 2.151e+54 9.477e+50 7.799e+50 1.135e+31 6.107e+29 3.993e+30
     4 6.350e+03 1.353e+49 3.288e+45 2.613e+45 1.330e+54 3.231e+50 2.568e+50 1.887e+31 1.126e+30 5.722e+30
     5 8.000e+03 9.067e+48 9.197e+44 6.944e+44 7.073e+53 7.174e+49 5.417e+49 2.874e+31 1.672e+30 7.591e+30
     6 1.008e+04 5.047e+48 1.550e+44 1.084e+44 3.125e+53 9.594e+48 6.709e+48 3.449e+31 1.916e+30 9.268e+30
     7 1.270e+04 1.611e+48 1.427e+43 8.964e+42 7.918e+52 7.011e+47 4.405e+47 2.709e+31 1.580e+30 1.054e+31
     8 1.600e+04 1.874e+47 6.305e+41 3.395e+41 7.310e+51 2.459e+46 1.324e+46 1.224e+31 8.510e+29 1.072e+31
     9 2.016e+04 5.417e+45 1.119e+40 4.595e+39 1.677e+50 3.463e+44 1.423e+44 2.897e+30 2.577e+29 9.585e+30
    10 2.540e+04 3.767e+43 6.267e+37 1.412e+37 9.256e+47 1.540e+42 3.470e+41 2.922e+29 3.288e+28 5.964e+30
    11 3.200e+04 5.035e+40 8.124e+34 1.361e+34 9.819e+44 1.584e+39 2.653e+38 1.121e+28 1.135e+27 1.895e+30
    12 4.032e+04 1.051e+37 2.269e+31 4.878e+31 1.627e+41 3.512e+35 7.550e+35 1.165e+26 9.574e+24 1.954e+29
    13 5.080e+04 6.718e+32 7.745e+26 2.807e+30 8.253e+36 9.514e+30 3.449e+34 2.386e+23 1.390e+22 2.848e+27
    14 6.400e+04 3.168e+28 3.887e+26 5.612e+27 3.089e+32 3.790e+30 5.472e+31 7.875e+19 4.442e+18 4.328e+24
    15 8.063e+04 6.544e+25 5.973e+25 3.794e+26 5.064e+29 4.623e+29 2.936e+30 6.746e+15 3.096e+14 4.429e+23
    16 1.016e+05 8.026e+25 7.804e+25 7.491e+23 4.930e+29 4.794e+29 4.601e+27 1.503e+11 7.392e+09 4.377e+19
    17 1.280e+05 1.004e+26 9.777e+25 4.170e+23 4.897e+29 4.766e+29 2.033e+27 1.050e+06 5.402e+04 1.785e+17
    18 1.613e+05 1.246e+26 1.197e+26 2.322e+25 4.823e+29 4.630e+29 8.986e+28 2.217e+00 1.005e-01 8.418e+15
    19 2.032e+05 2.651e+25 3.078e+25 4.591e+25 8.141e+28 9.452e+28 1.410e+29 9.316e-01 2.128e-06 8.875e+11
    20 2.560e+05 4.934e+24 4.240e+20 4.361e+20 1.203e+28 1.033e+24 1.063e+24 8.973e-01 7.461e-09 1.264e+08
    21 3.225e+05 6.102e+24 5.047e+18 5.440e+18 1.181e+28 9.765e+21 1.052e+22 8.480e-01 2.269e-14 1.930e+04

               top$********* cycle= 3.55000e+03   time= 4.425e-01   dt= 1.348e-05 *****************

2.002e-02   dnuc= 2.365e+14   d(1) bounce= 5.485e+14   r.s.(0)= 1.095e+00


 -------------neutrino information follows----------

       onue-          oanue-         omutaue-      tot e-out
      1.496e+50      6.547e+46      5.592e+46      1.497e+50

       onun           oanun          omutaun       tot n out
      1.917e+55      1.316e+52      1.128e+52      1.919e+55

  3.848e+51     1.943e+50       2.038e+51

  7.187e+06              6.528e+06      8.316e+06

  1.011e+00      9.750e-01

          neutrino edit r=  3.000e+07

  8.787e+03    1.034e+04    1.420e+04

           g       fout      hout      hmout     fnot      hnot     hmnot     f(113)     h(113)     hm(113)
     2 4.000e+03 2.407e+49 1.296e+46 1.096e+46 3.756e+54 2.022e+51 1.710e+51 4.907e+30 4.419e+29 2.944e+30
     3 5.040e+03 2.754e+49 8.088e+45 6.689e+45 3.410e+54 1.001e+51 8.283e+50 8.226e+30 9.732e+29 4.581e+30
     4 6.350e+03 2.508e+49 3.556e+45 2.860e+45 2.465e+54 3.494e+50 2.811e+50 1.291e+31 1.817e+30 6.646e+30
     5 8.000e+03 2.128e+49 1.037e+45 8.251e+44 1.660e+54 8.087e+49 6.436e+49 1.748e+31 2.790e+30 8.899e+30
     6 1.008e+04 1.516e+49 1.884e+44 1.852e+44 9.386e+53 1.166e+49 1.146e+49 1.723e+31 3.375e+30 1.098e+31
     7 1.270e+04 6.255e+48 2.027e+43 7.370e+43 3.074e+53 9.959e+47 3.621e+48 1.138e+31 2.992e+30 1.263e+31
     8 1.600e+04 1.022e+48 1.442e+42 6.033e+43 3.985e+52 5.624e+46 2.353e+48 4.721e+30 1.759e+30 1.340e+31
     9 2.016e+04 4.005e+46 1.137e+41 4.767e+43 1.240e+51 3.521e+45 1.475e+48 1.122e+30 5.734e+29 1.253e+31
    10 2.540e+04 3.261e+44 8.483e+39 2.111e+43 8.012e+48 2.084e+44 5.185e+47 1.317e+29 7.917e+28 8.515e+30
    11 3.200e+04 5.410e+41 1.922e+38 3.880e+42 1.055e+46 3.748e+42 7.567e+46 6.590e+27 2.969e+27 3.196e+30
    12 4.032e+04 5.064e+38 1.062e+36 2.097e+41 7.837e+42 1.644e+40 3.246e+45 1.045e+26 2.544e+25 4.700e+29
    13 5.080e+04 5.909e+35 1.208e+33 1.353e+39 7.259e+39 1.484e+37 1.662e+43 4.015e+23 5.362e+22 1.208e+28
    14 6.400e+04 1.425e+32 2.212e+29 1.294e+36 1.389e+36 2.157e+33 1.261e+40 4.307e+20 3.279e+19 2.665e+24
    15 8.063e+04 4.211e+27 5.706e+25 1.020e+35 3.259e+31 4.416e+29 7.895e+38 1.127e+17 9.087e+15 8.470e+23
    16 1.016e+05 8.230e+25 7.806e+25 2.112e+32 5.055e+29 4.794e+29 1.297e+36 1.550e+13 1.566e+12 1.497e+22
    17 1.280e+05 1.030e+26 9.778e+25 1.019e+30 5.021e+29 4.767e+29 4.967e+33 1.111e+09 1.420e+08 8.079e+17
    18 1.613e+05 1.278e+26 1.197e+26 1.808e+28 4.946e+29 4.630e+29 6.996e+31 3.183e+04 5.104e+03 1.073e+17
    19 2.032e+05 2.258e+25 3.080e+25 4.561e+25 6.935e+28 9.458e+28 1.401e+29 9.541e-01 5.618e-02 1.124e+15
    20 2.560e+05 9.769e+24 6.537e+20 3.792e+21 2.381e+28 1.594e+24 9.243e+24 8.737e-01 2.204e-07 2.310e+11
    21 3.225e+05 1.199e+25 7.694e+18 8.578e+18 2.320e+28 1.488e+22 1.660e+22 8.154e-01 1.064e-10 1.308e+08


               top$********* cycle= 4.30200e+03   time= 4.525e-01   dt= 1.316e-05 *****************

3.002e-02   dnuc= 2.365e+14   d(1) bounce= 5.485e+14   r.s.(0)= 1.099e+00


 -------------neutrino information follows----------

       onue-          oanue-         omutaue-      tot e-out
      4.499e+50      3.111e+47      9.806e+48      4.600e+50

       onun           oanun          omutaun       tot n out
      4.292e+55      3.072e+52      5.380e+53      4.349e+55

  4.622e+51     4.142e+50       3.707e+51

  7.221e+06              6.488e+06      8.420e+06

  1.012e+00      9.741e-01

          neutrino edit r=  3.000e+07

  8.188e+03    1.032e+04    1.437e+04

           g       fout      hout      hmout     fnot      hnot     hmnot     f(114)     h(114)     hm(114)
     2 4.000e+03 3.530e+49 1.997e+46 1.939e+47 5.507e+54 3.116e+51 3.025e+52 4.550e+30 5.601e+29 3.158e+30
     3 5.040e+03 5.130e+49 2.370e+46 3.539e+47 6.353e+54 2.935e+51 4.382e+52 7.205e+30 1.228e+30 4.925e+30
     4 6.350e+03 7.066e+49 3.337e+46 5.895e+47 6.945e+54 3.279e+51 5.793e+52 1.025e+31 2.290e+30 7.151e+30
     5 8.000e+03 9.488e+49 4.797e+46 8.934e+47 7.401e+54 3.742e+51 6.968e+52 1.209e+31 3.523e+30 9.596e+30
     6 1.008e+04 9.565e+49 5.801e+46 1.255e+48 5.921e+54 3.591e+51 7.770e+52 1.057e+31 4.273e+30 1.187e+31
     7 1.270e+04 5.269e+49 5.032e+46 1.608e+48 2.589e+54 2.472e+51 7.902e+52 6.448e+30 3.781e+30 1.370e+31
     8 1.600e+04 1.332e+49 2.704e+46 1.804e+48 5.194e+53 1.055e+51 7.036e+52 2.519e+30 2.162e+30 1.447e+31
     9 2.016e+04 1.486e+48 7.293e+45 1.723e+48 4.600e+52 2.257e+50 5.332e+52 5.723e+29 7.061e+29 1.329e+31
    10 2.540e+04 1.179e+47 8.073e+44 9.919e+47 2.897e+51 1.983e+49 2.437e+52 6.338e+28 1.042e+29 9.261e+30
    11 3.200e+04 3.860e+45 2.270e+43 2.491e+47 7.526e+49 4.427e+47 4.858e+51 3.034e+27 5.470e+27 3.899e+30
    12 4.032e+04 3.427e+43 1.537e+41 1.818e+46 5.305e+47 2.379e+45 2.813e+50 4.804e+25 8.942e+25 7.648e+29
    13 5.080e+04 6.018e+40 1.877e+38 1.396e+44 7.393e+44 2.305e+42 1.715e+48 1.916e+23 3.256e+23 3.679e+28
    14 6.400e+04 1.522e+37 3.400e+34 1.806e+41 1.484e+41 3.315e+38 1.761e+45 2.362e+20 3.258e+20 1.204e+26
    15 8.063e+04 4.368e+32 8.464e+29 2.263e+40 3.380e+36 6.550e+33 1.751e+44 8.314e+16 1.160e+17 2.221e+24
    16 1.016e+05 1.491e+27 8.340e+25 1.299e+37 9.161e+30 5.122e+29 7.976e+40 2.022e+13 3.186e+13 2.003e+23
    17 1.280e+05 1.055e+26 9.779e+25 6.038e+34 5.145e+29 4.768e+29 2.943e+38 3.522e+09 6.409e+09 1.551e+20
    18 1.613e+05 1.310e+26 1.197e+26 1.612e+33 5.068e+29 4.631e+29 6.236e+36 3.679e+05 7.808e+05 9.995e+16
    19 2.032e+05 1.866e+25 3.081e+25 3.631e+27 5.730e+28 9.461e+28 1.115e+31 1.877e+01 4.604e+01 4.197e+12
    20 2.560e+05 1.459e+25 7.308e+20 1.189e+26 3.558e+28 1.781e+24 2.898e+29 9.114e-01 1.019e-03 1.711e+12
    21 3.225e+05 1.786e+25 8.927e+18 2.245e+22 3.456e+28 1.727e+22 4.343e+25 8.677e-01 8.765e-09 3.485e+10

 

               top$********* cycle= 5.07800e+03   time= 4.625e-01   dt= 1.286e-05 *****************

4.002e-02   dnuc= 2.366e+14   d(1) bounce= 5.485e+14   r.s.(0)= 1.101e+00


 -------------neutrino information follows----------

       onue-          oanue-         omutaue-      tot e-out
      1.562e+51      1.954e+49      4.046e+50      1.986e+51

       onun           oanun          omutaun       tot n out
      1.189e+56      1.303e+54      2.012e+55      1.403e+56

  5.136e+51     6.950e+50       5.314e+51

  7.292e+06              6.331e+06      8.454e+06

  1.012e+00      9.740e-01

          neutrino edit r=  3.000e+07

  8.049e+03    1.068e+04    1.440e+04

           g       fout      hout      hmout     fnot      hnot     hmnot     f(113)     h(113)     hm(113)
     2 4.000e+03 5.721e+49 3.633e+47 5.664e+48 8.925e+54 5.668e+52 8.836e+53 4.701e+30 6.830e+29 3.249e+30
     3 5.040e+03 1.031e+50 9.209e+47 1.091e+49 1.277e+55 1.140e+53 1.351e+54 7.279e+30 1.513e+30 5.079e+30
     4 6.350e+03 1.843e+50 1.977e+48 1.924e+49 1.811e+55 1.943e+53 1.891e+54 1.001e+31 2.874e+30 7.387e+30
     5 8.000e+03 3.085e+50 3.445e+48 3.109e+49 2.406e+55 2.687e+53 2.425e+54 1.134e+31 4.534e+30 9.895e+30
     6 1.008e+04 3.921e+50 4.628e+48 4.625e+49 2.428e+55 2.865e+53 2.863e+54 9.671e+30 5.685e+30 1.225e+31
     7 1.270e+04 3.026e+50 4.410e+48 6.308e+49 1.487e+55 2.167e+53 3.100e+54 5.832e+30 5.269e+30 1.413e+31
     8 1.600e+04 1.333e+50 2.665e+48 7.614e+49 5.198e+54 1.039e+53 2.970e+54 2.298e+30 3.286e+30 1.492e+31
     9 2.016e+04 3.263e+49 8.538e+47 7.917e+49 1.010e+54 2.643e+52 2.451e+54 5.315e+29 1.215e+30 1.354e+31
    10 2.540e+04 3.940e+48 1.121e+47 5.260e+49 9.681e+52 2.754e+51 1.292e+54 6.081e+28 2.235e+29 9.445e+30
    11 3.200e+04 1.581e+47 3.705e+45 1.613e+49 3.084e+51 7.224e+49 3.145e+53 2.960e+27 1.549e+28 4.148e+30
    12 4.032e+04 1.747e+45 2.851e+43 1.466e+48 2.704e+49 4.413e+47 2.269e+52 4.644e+25 3.383e+26 8.903e+29
    13 5.080e+04 3.795e+42 3.552e+40 1.646e+46 4.662e+46 4.364e+44 2.022e+50 1.740e+23 1.620e+24 5.368e+28
    14 6.400e+04 1.073e+39 7.425e+36 7.835e+41 1.046e+43 7.240e+40 7.639e+45 1.620e+20 1.648e+21 2.189e+26
    15 8.063e+04 3.895e+34 5.174e+32 2.300e+42 3.014e+38 4.004e+36 1.780e+46 3.744e+16 4.349e+17 6.275e+24
    16 1.016e+05 5.653e+29 2.058e+28 4.913e+39 3.472e+33 1.264e+32 3.018e+43 5.045e+12 6.577e+13 4.922e+23
    17 1.280e+05 1.120e+26 9.805e+25 4.377e+35 5.459e+29 4.780e+29 2.134e+39 6.047e+08 8.927e+09 3.653e+20
    18 1.613e+05 1.342e+26 1.197e+26 6.913e+34 5.191e+29 4.631e+29 2.675e+38 5.932e+04 9.903e+05 7.942e+16
    19 2.032e+05 1.472e+25 3.081e+25 2.679e+31 4.522e+28 9.463e+28 8.229e+34 4.172e+00 7.586e+01 7.586e+15
    20 2.560e+05 1.943e+25 2.730e+20 2.786e+28 4.737e+28 6.654e+23 6.792e+31 9.269e-01 3.228e-03 8.200e+12
    21 3.225e+05 2.376e+25 9.707e+18 1.698e+25 4.596e+28 1.878e+22 3.285e+28 8.898e-01 7.312e-08 3.672e+09



               top$********* cycle= 5.87100e+03   time= 4.725e-01   dt= 2.481e-05 *****************

5.003e-02   dnuc= 2.366e+14   d(1) bounce= 5.485e+14   r.s.(0)= 1.105e+00


 -------------neutrino information follows----------

       onue-          oanue-         omutaue-      tot e-out
      2.573e+51      1.230e+50      1.367e+51      4.062e+51

       onun           oanun          omutaun       tot n out
      1.873e+56      7.721e+54      6.466e+55      2.597e+56

  5.667e+51     1.087e+51       7.017e+51

  7.349e+06              6.226e+06      8.380e+06

  1.012e+00      9.734e-01

          neutrino edit r=  3.000e+07

  8.082e+03    1.102e+04    1.448e+04

           g       fout      hout      hmout     fnot      hnot     hmnot     f(114)     h(114)     hm(114)
     2 4.000e+03 7.954e+49 1.686e+48 1.633e+49 1.241e+55 2.630e+53 2.548e+54 4.310e+30 7.407e+29 3.140e+30
     3 5.040e+03 1.515e+50 4.567e+48 3.171e+49 1.876e+55 5.655e+53 3.927e+54 6.693e+30 1.652e+30 4.933e+30
     4 6.350e+03 2.841e+50 1.043e+49 5.685e+49 2.792e+55 1.025e+54 5.587e+54 9.209e+30 3.190e+30 7.213e+30
     5 8.000e+03 4.893e+50 1.945e+49 9.403e+49 3.817e+55 1.517e+54 7.334e+54 1.053e+31 5.177e+30 9.696e+30
     6 1.008e+04 6.411e+50 2.824e+49 1.429e+50 3.969e+55 1.748e+54 8.845e+54 9.154e+30 6.756e+30 1.201e+31
     7 1.270e+04 5.315e+50 2.947e+49 2.003e+50 2.612e+55 1.448e+54 9.842e+54 5.554e+30 6.542e+30 1.384e+31
     8 1.600e+04 2.616e+50 2.000e+49 2.525e+50 1.020e+55 7.800e+53 9.847e+54 2.163e+30 4.329e+30 1.464e+31
     9 2.016e+04 7.020e+49 7.421e+48 2.758e+50 2.173e+54 2.297e+53 8.538e+54 4.763e+29 1.733e+30 1.332e+31
    10 2.540e+04 8.814e+48 1.144e+48 2.032e+50 2.165e+53 2.811e+52 4.992e+54 4.829e+28 3.592e+29 9.306e+30
    11 3.200e+04 3.742e+47 4.415e+46 7.510e+49 7.297e+51 8.609e+50 1.464e+54 1.894e+27 2.953e+28 4.198e+30
    12 4.032e+04 4.521e+45 3.920e+44 9.554e+48 6.997e+49 6.066e+48 1.479e+53 2.168e+25 8.202e+26 9.489e+29
    13 5.080e+04 1.182e+43 6.312e+41 2.122e+47 1.452e+47 7.754e+45 2.607e+51 5.504e+22 5.434e+24 6.514e+28
    14 6.400e+04 6.050e+39 2.257e+38 2.546e+44 5.899e+43 2.201e+42 2.483e+48 3.605e+19 6.464e+21 4.528e+26
    15 8.063e+04 7.072e+35 3.535e+34 1.207e+43 5.473e+39 2.736e+38 9.343e+46 9.539e+15 2.083e+18 9.860e+24
    16 1.016e+05 3.639e+31 2.798e+30 2.893e+41 2.235e+35 1.719e+34 1.777e+45 2.482e+12 6.226e+14 5.112e+23
    17 1.280e+05 7.041e+26 1.856e+26 1.185e+38 3.433e+30 9.047e+29 5.776e+41 5.829e+08 1.619e+11 4.003e+20
    18 1.613e+05 1.373e+26 1.197e+26 3.130e+35 5.314e+29 4.631e+29 1.211e+39 1.049e+05 3.218e+07 2.371e+17
    19 2.032e+05 1.078e+25 3.082e+25 3.132e+33 3.311e+28 9.464e+28 9.618e+36 1.250e+01 4.259e+03 1.729e+16
    20 2.560e+05 2.428e+25 2.670e+20 6.431e+30 5.918e+28 6.509e+23 1.567e+34 8.849e-01 3.261e-01 7.763e+12
    21 3.225e+05 2.964e+25 1.005e+19 7.517e+27 5.734e+28 1.944e+22 1.454e+31 8.303e-01 1.367e-05 4.135e+09



               top$********* cycle= 6.28100e+03   time= 4.825e-01   dt= 2.396e-05 *****************

6.003e-02   dnuc= 2.367e+14   d(1) bounce= 5.485e+14   r.s.(0)= 1.110e+00


 -------------neutrino information follows----------

       onue-          oanue-         omutaue-      tot e-out
      3.457e+51      2.943e+50      2.648e+51      6.399e+51

       onun           oanun          omutaun       tot n out
      2.488e+56      1.823e+55      1.222e+56      3.892e+56

  6.159e+51     1.519e+51       8.648e+51

  7.335e+06              6.146e+06      8.323e+06

  1.013e+00      9.731e-01

          neutrino edit r=  3.000e+07

  8.161e+03    1.121e+04    1.468e+04

           g       fout      hout      hmout     fnot      hnot     hmnot     f(115)     h(115)     hm(115)
     2 4.000e+03 1.025e+50 3.762e+48 2.944e+49 1.599e+55 5.869e+53 4.593e+54 3.982e+30 7.623e+29 2.857e+30
     3 5.040e+03 1.997e+50 1.030e+49 5.739e+49 2.473e+55 1.276e+54 7.106e+54 6.234e+30 1.707e+30 4.540e+30
     4 6.350e+03 3.789e+50 2.384e+49 1.036e+50 3.723e+55 2.343e+54 1.018e+55 8.596e+30 3.321e+30 6.723e+30
     5 8.000e+03 6.523e+50 4.524e+49 1.726e+50 5.088e+55 3.529e+54 1.346e+55 9.855e+30 5.446e+30 9.152e+30
     6 1.008e+04 8.551e+50 6.703e+49 2.642e+50 5.294e+55 4.150e+54 1.636e+55 8.670e+30 7.199e+30 1.146e+31
     7 1.270e+04 7.225e+50 7.152e+49 3.743e+50 3.550e+55 3.514e+54 1.839e+55 5.396e+30 7.138e+30 1.331e+31
     8 1.600e+04 3.666e+50 4.948e+49 4.797e+50 1.430e+55 1.930e+54 1.871e+55 2.179e+30 4.912e+30 1.412e+31
     9 2.016e+04 1.007e+50 1.880e+49 5.330e+50 3.118e+54 5.819e+53 1.650e+55 5.027e+29 2.083e+30 1.289e+31
    10 2.540e+04 1.277e+49 2.999e+48 4.144e+50 3.137e+53 7.368e+52 1.018e+55 5.271e+28 4.635e+29 9.125e+30
    11 3.200e+04 5.533e+47 1.308e+47 1.744e+50 1.079e+52 2.550e+51 3.401e+54 2.138e+27 4.186e+28 4.261e+30
    12 4.032e+04 6.895e+45 1.464e+45 2.919e+49 1.067e+50 2.266e+49 4.517e+53 2.482e+25 1.313e+27 1.030e+30
    13 5.080e+04 1.902e+43 3.579e+42 9.923e+47 2.337e+47 4.396e+46 1.219e+52 6.205e+22 1.008e+25 8.005e+28
    14 6.400e+04 1.175e+40 2.364e+39 2.173e+45 1.145e+44 2.304e+43 2.118e+49 3.457e+19 1.432e+22 8.226e+26
    15 8.063e+04 1.818e+36 5.529e+35 6.162e+43 1.407e+40 4.279e+39 4.769e+47 5.272e+15 4.457e+18 1.579e+25
    16 1.016e+05 1.421e+32 7.186e+31 4.876e+42 8.727e+35 4.414e+35 2.995e+46 6.797e+11 6.525e+14 6.702e+23
    17 1.280e+05 5.011e+27 4.358e+27 3.333e+39 2.443e+31 2.124e+31 1.625e+43 9.640e+07 1.013e+11 3.704e+20
    18 1.613e+05 1.403e+26 1.198e+26 4.839e+35 5.431e+29 4.634e+29 1.872e+39 1.395e+04 1.603e+07 5.035e+17
    19 2.032e+05 7.061e+24 3.082e+25 2.748e+34 2.169e+28 9.465e+28 8.438e+37 1.991e+00 2.272e+03 3.085e+16
    20 2.560e+05 2.885e+25 2.731e+20 1.002e+32 7.033e+28 6.657e+23 2.443e+35 9.114e-01 2.408e-01 9.571e+12
    21 3.225e+05 3.521e+25 1.023e+19 2.457e+29 6.812e+28 1.979e+22 4.753e+32 8.677e-01 1.650e-05 3.206e+09



               top$********* cycle= 6.70500e+03   time= 4.925e-01   dt= 2.315e-05 *****************

7.002e-02   dnuc= 2.368e+14   d(1) bounce= 5.485e+14   r.s.(0)= 1.113e+00


 -------------neutrino information follows----------

       onue-          oanue-         omutaue-      tot e-out
      4.164e+51      5.190e+50      3.980e+51      8.663e+51

       onun           oanun          omutaun       tot n out
      2.992e+56      3.169e+55      1.812e+56      5.121e+56

  6.725e+51     2.065e+51       1.054e+52

  7.260e+06              6.030e+06      8.205e+06

  1.013e+00      9.724e-01

          neutrino edit r=  3.000e+07

  8.346e+03    1.134e+04    1.480e+04

           g       fout      hout      hmout     fnot      hnot     hmnot     f(115)     h(115)     hm(115)
     2 4.000e+03 1.235e+50 6.228e+48 4.262e+49 1.927e+55 9.716e+53 6.649e+54 3.978e+30 8.056e+29 2.914e+30
     3 5.040e+03 2.429e+50 1.715e+49 8.329e+49 3.007e+55 2.123e+54 1.031e+55 6.248e+30 1.806e+30 4.646e+30
     4 6.350e+03 4.605e+50 4.007e+49 1.509e+50 4.526e+55 3.938e+54 1.483e+55 8.697e+30 3.528e+30 6.902e+30
     5 8.000e+03 7.861e+50 7.709e+49 2.523e+50 6.131e+55 6.013e+54 1.968e+55 1.018e+31 5.826e+30 9.436e+30
     6 1.008e+04 1.023e+51 1.163e+50 3.877e+50 6.335e+55 7.201e+54 2.400e+55 9.262e+30 7.799e+30 1.185e+31
     7 1.270e+04 8.678e+50 1.270e+50 5.519e+50 4.264e+55 6.240e+54 2.712e+55 6.043e+30 7.844e+30 1.380e+31
     8 1.600e+04 4.449e+50 9.046e+49 7.125e+50 1.735e+55 3.528e+54 2.779e+55 2.595e+30 5.526e+30 1.471e+31
     9 2.016e+04 1.232e+50 3.601e+49 7.965e+50 3.814e+54 1.115e+54 2.465e+55 6.485e+29 2.421e+30 1.349e+31
    10 2.540e+04 1.566e+49 6.310e+48 6.357e+50 3.848e+53 1.550e+53 1.562e+55 7.479e+28 5.659e+29 9.642e+30
    11 3.200e+04 6.853e+47 3.469e+47 2.868e+50 1.336e+52 6.764e+51 5.592e+54 3.389e+27 5.415e+28 4.596e+30
    12 4.032e+04 8.655e+45 5.665e+45 5.600e+49 1.340e+50 8.767e+49 8.668e+53 4.475e+25 1.845e+27 1.157e+30
    13 5.080e+04 2.435e+43 2.034e+43 2.651e+48 2.992e+47 2.498e+47 3.257e+52 1.270e+23 1.596e+25 9.665e+28
    14 6.400e+04 1.587e+40 1.493e+40 1.090e+46 1.547e+44 1.456e+44 1.063e+50 9.777e+19 2.512e+22 1.174e+27
    15 8.063e+04 2.632e+36 3.312e+36 2.714e+44 2.037e+40 2.563e+40 2.100e+48 1.840e+16 9.857e+18 2.312e+25
    16 1.016e+05 2.276e+32 3.959e+32 2.674e+43 1.398e+36 2.431e+36 1.643e+47 2.729e+12 1.681e+15 1.303e+24
    17 1.280e+05 9.824e+27 2.650e+28 1.550e+40 4.789e+31 1.292e+32 7.557e+43 4.148e+08 2.835e+11 6.632e+20
    18 1.613e+05 1.434e+26 1.204e+26 2.367e+36 5.547e+29 4.659e+29 9.160e+39 6.052e+04 4.621e+07 2.472e+17
    19 2.032e+05 3.331e+24 3.082e+25 3.295e+35 1.023e+28 9.465e+28 1.012e+39 8.050e+00 6.696e+03 8.780e+15
    20 2.560e+05 3.344e+25 2.770e+20 6.211e+32 8.151e+28 6.752e+23 1.514e+36 9.338e-01 8.264e-01 1.423e+12
    21 3.225e+05 4.079e+25 1.031e+19 4.864e+29 7.892e+28 1.995e+22 9.410e+32 9.000e-01 8.432e-05 5.144e+09



               top$********* cycle= 7.14400e+03   time= 5.025e-01   dt= 2.247e-05 *****************

8.004e-02   dnuc= 2.369e+14   d(1) bounce= 5.485e+14   r.s.(0)= 1.117e+00


 -------------neutrino information follows----------

       onue-          oanue-         omutaue-      tot e-out
      4.784e+51      8.141e+50      5.386e+51      1.098e+52

       onun           oanun          omutaun       tot n out
      3.443e+56      4.885e+55      2.429e+56      6.361e+56

  7.286e+51     2.637e+51       1.242e+52

  7.133e+06              5.903e+06      7.989e+06

  1.013e+00      9.716e-01

          neutrino edit r=  3.000e+07

  8.418e+03    1.145e+04    1.489e+04

           g       fout      hout      hmout     fnot      hnot     hmnot     f(115)     h(115)     hm(115)
     2 4.000e+03 1.438e+50 9.099e+48 5.601e+49 2.244e+55 1.419e+54 8.738e+54 3.939e+30 8.482e+29 2.993e+30
     3 5.040e+03 2.840e+50 2.517e+49 1.098e+50 3.516e+55 3.117e+54 1.359e+55 6.191e+30 1.901e+30 4.784e+30
     4 6.350e+03 5.363e+50 5.937e+49 1.995e+50 5.270e+55 5.834e+54 1.961e+55 8.646e+30 3.725e+30 7.132e+30
     5 8.000e+03 9.057e+50 1.158e+50 3.346e+50 7.064e+55 9.031e+54 2.610e+55 1.020e+31 6.194e+30 9.781e+30
     6 1.008e+04 1.168e+51 1.781e+50 5.159e+50 7.234e+55 1.102e+55 3.194e+55 9.421e+30 8.363e+30 1.233e+31
     7 1.270e+04 9.900e+50 1.996e+50 7.369e+50 4.865e+55 9.810e+54 3.621e+55 6.269e+30 8.566e+30 1.439e+31
     8 1.600e+04 5.094e+50 1.480e+50 9.560e+50 1.987e+55 5.772e+54 3.728e+55 2.743e+30 6.148e+30 1.536e+31
     9 2.016e+04 1.416e+50 6.271e+49 1.073e+51 4.384e+54 1.941e+54 3.321e+55 6.933e+29 2.753e+30 1.414e+31
    10 2.540e+04 1.802e+49 1.248e+49 8.714e+50 4.427e+53 3.066e+53 2.141e+55 8.185e+28 6.588e+29 1.019e+31
    11 3.200e+04 7.934e+47 8.746e+47 4.119e+50 1.547e+52 1.705e+52 8.032e+54 3.771e+27 6.651e+28 4.945e+30
    12 4.032e+04 1.009e+46 1.983e+46 8.847e+49 1.562e+50 3.070e+50 1.369e+54 5.013e+25 2.375e+27 1.269e+30
    13 5.080e+04 2.862e+43 1.032e+44 5.074e+48 3.516e+47 1.268e+48 6.233e+52 1.395e+23 2.153e+25 1.139e+29
    14 6.400e+04 1.901e+40 9.840e+40 2.940e+46 1.854e+44 9.594e+44 2.866e+50 7.097e+19 3.452e+22 1.616e+27
    15 8.063e+04 3.243e+36 2.735e+37 7.352e+44 2.510e+40 2.117e+41 5.689e+48 8.621e+15 9.967e+18 2.933e+25
    16 1.016e+05 2.931e+32 3.569e+33 6.815e+43 1.800e+36 2.192e+37 4.186e+47 1.957e+12 2.181e+15 8.571e+23
    17 1.280e+05 1.406e+28 3.322e+29 4.093e+40 6.854e+31 1.619e+33 1.995e+44 4.163e+08 4.636e+11 8.033e+20
    18 1.613e+05 1.464e+26 1.379e+26 4.542e+37 5.665e+29 5.337e+29 1.758e+41 8.533e+04 1.003e+08 1.769e+18
    19 2.032e+05 4.203e+23 3.082e+25 2.749e+36 1.289e+27 9.465e+28 8.443e+39 1.591e+01 2.053e+04 7.421e+16
    20 2.560e+05 3.805e+25 2.790e+20 1.673e+33 9.276e+28 6.801e+23 4.078e+36 9.513e-01 3.577e+00 2.406e+13
    21 3.225e+05 4.640e+25 1.036e+19 5.521e+29 8.977e+28 2.004e+22 1.068e+33 9.261e-01 4.838e-04 1.306e+09


               top$********* cycle= 7.59600e+03   time= 5.125e-01   dt= 2.174e-05 *****************

9.003e-02   dnuc= 2.370e+14   d(1) bounce= 5.485e+14   r.s.(0)= 1.121e+00


 -------------neutrino information follows----------

       onue-          oanue-         omutaue-      tot e-out
      5.391e+51      1.195e+51      6.958e+51      1.354e+52

       onun           oanun          omutaun       tot n out
      3.890e+56      7.058e+55      3.112e+56      7.709e+56

  7.823e+51     3.219e+51       1.429e+52

  6.963e+06              5.762e+06      7.752e+06

  1.014e+00      9.704e-01

          neutrino edit r=  3.000e+07

  8.561e+03    1.156e+04    1.498e+04

           g       fout      hout      hmout     fnot      hnot     hmnot     f(115)     h(115)     hm(115)
     2 4.000e+03 1.650e+50 1.252e+49 7.044e+49 2.575e+55 1.952e+54 1.099e+55 3.688e+30 8.434e+29 2.930e+30
     3 5.040e+03 3.265e+50 3.476e+49 1.384e+50 4.042e+55 4.304e+54 1.714e+55 5.799e+30 1.889e+30 4.694e+30
     4 6.350e+03 6.132e+50 8.264e+49 2.525e+50 6.026e+55 8.122e+54 2.482e+55 8.151e+30 3.711e+30 7.020e+30
     5 8.000e+03 1.024e+51 1.631e+50 4.248e+50 7.988e+55 1.272e+55 3.313e+55 9.760e+30 6.208e+30 9.665e+30
     6 1.008e+04 1.309e+51 2.552e+50 6.569e+50 8.104e+55 1.580e+55 4.067e+55 9.248e+30 8.460e+30 1.222e+31
     7 1.270e+04 1.107e+51 2.930e+50 9.414e+50 5.437e+55 1.440e+55 4.626e+55 6.359e+30 8.799e+30 1.431e+31
     8 1.600e+04 5.707e+50 2.252e+50 1.226e+51 2.226e+55 8.783e+54 4.782e+55 2.892e+30 6.402e+30 1.534e+31
     9 2.016e+04 1.592e+50 1.009e+50 1.380e+51 4.927e+54 3.124e+54 4.273e+55 7.760e+29 2.924e+30 1.418e+31
    10 2.540e+04 2.028e+49 2.217e+49 1.138e+51 4.983e+53 5.447e+53 2.795e+55 1.026e+29 7.250e+29 1.028e+31
    11 3.200e+04 8.999e+47 1.828e+48 5.583e+50 1.755e+52 3.565e+52 1.089e+55 5.425e+27 7.988e+28 5.038e+30
    12 4.032e+04 1.153e+46 5.067e+46 1.288e+50 1.785e+50 7.843e+50 1.993e+54 8.579e+25 3.146e+27 1.316e+30
    13 5.080e+04 3.286e+43 3.301e+44 8.479e+48 4.037e+47 4.055e+48 1.042e+53 2.859e+23 3.239e+25 1.286e+29
    14 6.400e+04 2.201e+40 3.756e+41 6.470e+46 2.146e+44 3.662e+45 6.308e+50 1.454e+20 5.874e+22 2.065e+27
    15 8.063e+04 3.806e+36 1.117e+38 1.581e+45 2.945e+40 8.645e+41 1.224e+49 1.043e+16 1.250e+19 4.245e+25
    16 1.016e+05 3.546e+32 1.616e+34 1.275e+44 2.178e+36 9.923e+37 7.829e+47 3.296e+11 7.265e+14 5.588e+23
    17 1.280e+05 1.838e+28 1.792e+30 8.558e+40 8.962e+31 8.738e+33 4.172e+44 1.350e+07 2.719e+10 1.280e+21
    18 1.613e+05 1.494e+26 2.446e+26 1.107e+38 5.782e+29 9.463e+29 4.284e+41 8.824e+02 1.746e+06 3.466e+18
    19 2.032e+05 4.171e+24 3.082e+25 6.434e+36 1.281e+28 9.465e+28 1.976e+40 9.947e-01 1.349e+02 7.989e+16
    20 2.560e+05 4.267e+25 2.802e+20 2.934e+33 1.040e+29 6.829e+23 7.152e+36 9.668e-01 1.064e-02 8.076e+12
    21 3.225e+05 5.201e+25 1.038e+19 3.431e+29 1.006e+29 2.008e+22 6.638e+32 9.501e-01 7.973e-07 2.085e+09



               top$********* cycle= 8.06400e+03   time= 5.225e-01   dt= 4.198e-05 *****************

1.000e-01   dnuc= 2.371e+14   d(1) bounce= 5.485e+14   r.s.(0)= 1.125e+00


 -------------neutrino information follows----------

       onue-          oanue-         omutaue-      tot e-out
      5.941e+51      1.614e+51      8.527e+51      1.608e+52

       onun           oanun          omutaun       tot n out
      4.298e+56      9.405e+55      3.787e+56      9.025e+56

  8.317e+51     3.778e+51       1.607e+52

  6.738e+06              5.599e+06      7.480e+06

  1.015e+00      9.692e-01

          neutrino edit r=  3.000e+07

  8.640e+03    1.165e+04    1.512e+04

           g       fout      hout      hmout     fnot      hnot     hmnot     f(115)     h(115)     hm(115)
     2 4.000e+03 1.848e+50 1.604e+49 8.433e+49 2.883e+55 2.502e+54 1.316e+55 3.463e+30 8.331e+29 2.889e+30
     3 5.040e+03 3.659e+50 4.467e+49 1.661e+50 4.531e+55 5.531e+54 2.057e+55 5.450e+30 1.858e+30 4.640e+30
     4 6.350e+03 6.838e+50 1.069e+50 3.040e+50 6.720e+55 1.050e+55 2.988e+55 7.693e+30 3.647e+30 6.961e+30
     5 8.000e+03 1.131e+51 2.129e+50 5.128e+50 8.824e+55 1.661e+55 4.000e+55 9.287e+30 6.113e+30 9.618e+30
     6 1.008e+04 1.435e+51 3.375e+50 7.952e+50 8.884e+55 2.090e+55 4.923e+55 8.922e+30 8.383e+30 1.220e+31
     7 1.270e+04 1.211e+51 3.949e+50 1.143e+51 5.950e+55 1.941e+55 5.615e+55 6.244e+30 8.817e+30 1.433e+31
     8 1.600e+04 6.258e+50 3.122e+50 1.493e+51 2.441e+55 1.217e+55 5.825e+55 2.899e+30 6.527e+30 1.542e+31
     9 2.016e+04 1.753e+50 1.460e+50 1.686e+51 5.426e+54 4.519e+54 5.219e+55 7.971e+29 3.048e+30 1.436e+31
    10 2.540e+04 2.242e+49 3.434e+49 1.405e+51 5.508e+53 8.436e+53 3.453e+55 1.083e+29 7.767e+29 1.054e+31
    11 3.200e+04 1.005e+48 3.137e+48 7.102e+50 1.960e+52 6.116e+52 1.385e+55 5.920e+27 8.737e+28 5.289e+30
    12 4.032e+04 1.300e+46 9.829e+46 1.728e+50 2.012e+50 1.521e+51 2.674e+54 9.822e+25 3.508e+27 1.442e+30
    13 5.080e+04 3.725e+43 7.393e+44 1.256e+49 4.576e+47 9.082e+48 1.543e+53 3.488e+23 3.679e+25 1.508e+29
    14 6.400e+04 2.503e+40 9.737e+41 1.166e+47 2.441e+44 9.493e+45 1.137e+51 1.818e+20 6.810e+22 2.872e+27
    15 8.063e+04 4.341e+36 3.095e+38 2.807e+45 3.360e+40 2.395e+42 2.173e+49 1.221e+16 1.472e+19 5.305e+25
    16 1.016e+05 4.152e+32 4.329e+34 2.014e+44 2.550e+36 2.659e+38 1.237e+48 2.502e+11 5.052e+14 2.806e+23
    17 1.280e+05 2.366e+28 5.029e+30 1.447e+41 1.153e+32 2.452e+34 7.054e+44 1.077e+07 2.398e+10 4.041e+20
    18 1.613e+05 1.525e+26 5.331e+26 1.810e+38 5.900e+29 2.063e+30 7.002e+41 4.503e+02 1.016e+06 1.342e+18
    19 2.032e+05 7.937e+24 3.080e+25 1.060e+37 2.437e+28 9.460e+28 3.255e+40 9.742e-01 4.472e+01 3.347e+16
    20 2.560e+05 4.730e+25 2.806e+20 4.300e+33 1.153e+29 6.839e+23 1.048e+37 9.432e-01 2.185e-03 6.325e+12
    21 3.225e+05 5.765e+25 1.039e+19 3.185e+27 1.115e+29 2.010e+22 6.161e+30 9.203e-01 1.173e-07 8.471e+08


               top$********* cycle= 8.69600e+03   time= 5.475e-01   dt= 3.725e-05 *****************

1.251e-01   dnuc= 2.373e+14   d(1) bounce= 5.485e+14   r.s.(0)= 1.141e+00


 -------------neutrino information follows----------

       onue-          oanue-         omutaue-      tot e-out
      7.202e+51      2.797e+51      1.257e+52      2.257e+52

       onun           oanun          omutaun       tot n out
      5.227e+56      1.591e+56      5.496e+56      1.231e+57

  9.540e+51     5.222e+51       2.056e+52

  6.247e+06              5.243e+06      6.891e+06

  1.019e+00      9.664e-01

          neutrino edit r=  3.000e+07

  9.244e+03    1.218e+04    1.597e+04

           g       fout      hout      hmout     fnot      hnot     hmnot     f(117)     h(117)     hm(117)
     2 4.000e+03 2.299e+50 2.524e+49 1.180e+50 3.586e+55 3.937e+54 1.840e+55 2.672e+30 7.364e+29 2.324e+30
     3 5.040e+03 4.556e+50 7.058e+49 2.337e+50 5.642e+55 8.739e+54 2.894e+55 4.333e+30 1.647e+30 3.807e+30
     4 6.350e+03 8.436e+50 1.706e+50 4.307e+50 8.290e+55 1.676e+55 4.233e+55 6.393e+30 3.268e+30 5.849e+30
     5 8.000e+03 1.373e+51 3.456e+50 7.312e+50 1.071e+56 2.696e+55 5.703e+55 8.188e+30 5.605e+30 8.308e+30
     6 1.008e+04 1.720e+51 5.615e+50 1.141e+51 1.065e+56 3.476e+55 7.064e+55 8.548e+30 7.990e+30 1.085e+31
     7 1.270e+04 1.451e+51 6.808e+50 1.650e+51 7.130e+55 3.345e+55 8.107e+55 6.678e+30 8.930e+30 1.311e+31
     8 1.600e+04 7.570e+50 5.661e+50 2.173e+51 2.952e+55 2.208e+55 8.473e+55 3.556e+30 7.174e+30 1.455e+31
     9 2.016e+04 2.161e+50 2.852e+50 2.471e+51 6.689e+54 8.828e+54 7.647e+55 1.160e+30 3.727e+30 1.413e+31
    10 2.540e+04 2.838e+49 7.507e+49 2.108e+51 6.972e+53 1.844e+54 5.179e+55 2.004e+29 1.103e+30 1.101e+31
    11 3.200e+04 1.341e+48 8.141e+48 1.127e+51 2.615e+52 1.587e+53 2.197e+55 1.501e+28 1.554e+29 6.047e+30
    12 4.032e+04 1.852e+46 3.127e+47 3.023e+50 2.867e+50 4.840e+51 4.678e+54 3.740e+26 8.304e+27 1.899e+30
    13 5.080e+04 5.617e+43 3.031e+45 2.665e+49 6.900e+47 3.723e+49 3.273e+53 2.210e+24 1.259e+26 2.555e+29
    14 6.400e+04 3.640e+40 5.144e+42 3.617e+47 3.549e+44 5.016e+46 3.527e+51 2.066e+21 3.697e+23 7.922e+27
    15 8.063e+04 5.775e+36 1.459e+39 8.564e+45 4.469e+40 1.129e+43 6.627e+49 2.195e+17 1.355e+20 1.277e+26
    16 1.016e+05 5.315e+32 1.522e+35 3.948e+44 3.264e+36 9.348e+38 2.425e+48 4.745e+12 5.443e+15 1.839e+24
    17 1.280e+05 3.387e+28 1.562e+31 3.565e+41 1.651e+32 7.614e+34 1.738e+45 9.341e+07 1.143e+11 1.389e+21
    18 1.613e+05 1.596e+26 1.538e+27 6.539e+38 6.174e+29 5.951e+30 2.530e+42 2.777e+03 3.456e+06 3.670e+19
    19 2.032e+05 1.662e+25 3.074e+25 2.960e+37 5.104e+28 9.440e+28 9.090e+40 8.437e-01 1.312e+02 1.646e+18
    20 2.560e+05 5.799e+25 2.794e+20 8.508e+33 1.414e+29 6.811e+23 2.074e+37 7.654e-01 5.112e-03 2.580e+15
    21 3.225e+05 7.068e+25 1.040e+19 2.023e+30 1.367e+29 2.012e+22 3.914e+33 6.750e-01 1.745e-07 3.120e+14


               top$********* cycle= 9.42300e+03   time= 5.725e-01   dt= 3.323e-05 *****************

1.501e-01   dnuc= 2.371e+14   d(1) bounce= 5.485e+14   r.s.(0)= 1.154e+00


 -------------neutrino information follows----------

       onue-          oanue-         omutaue-      tot e-out
      8.427e+51      4.139e+51      1.688e+52      2.945e+52

       onun           oanun          omutaun       tot n out
      6.104e+56      2.310e+56      7.266e+56      1.568e+57

  1.069e+52     6.624e+51       2.494e+52

  5.668e+06              4.799e+06      6.176e+06

  1.020e+00      9.626e-01

          neutrino edit r=  3.000e+07

  9.672e+03    1.255e+04    1.640e+04

           g       fout      hout      hmout     fnot      hnot     hmnot     f(118)     h(118)     hm(118)
     2 4.000e+03 2.700e+50 3.476e+49 1.499e+50 4.211e+55 5.423e+54 2.338e+55 2.277e+30 6.589e+29 2.162e+30
     3 5.040e+03 5.360e+50 9.734e+49 2.987e+50 6.637e+55 1.205e+55 3.698e+55 3.718e+30 1.464e+30 3.562e+30
     4 6.350e+03 9.884e+50 2.367e+50 5.542e+50 9.714e+55 2.326e+55 5.447e+55 5.565e+30 2.903e+30 5.514e+30
     5 8.000e+03 1.596e+51 4.851e+50 9.479e+50 1.245e+56 3.784e+55 7.393e+55 7.344e+30 5.025e+30 7.900e+30
     6 1.008e+04 1.992e+51 8.022e+50 1.490e+51 1.233e+56 4.966e+55 9.226e+55 8.037e+30 7.295e+30 1.040e+31
     7 1.270e+04 1.693e+51 9.994e+50 2.170e+51 8.319e+55 4.911e+55 1.066e+56 6.737e+30 8.412e+30 1.264e+31
     8 1.600e+04 9.002e+50 8.636e+50 2.880e+51 3.511e+55 3.368e+55 1.123e+56 3.964e+30 7.130e+30 1.414e+31
     9 2.016e+04 2.664e+50 4.605e+50 3.305e+51 8.245e+54 1.426e+55 1.023e+56 1.477e+30 4.021e+30 1.395e+31
    10 2.540e+04 3.722e+49 1.317e+50 2.881e+51 9.145e+53 3.237e+54 7.077e+55 3.010e+29 1.323e+30 1.121e+31
    11 3.200e+04 1.984e+48 1.630e+49 1.614e+51 3.869e+52 3.178e+53 3.148e+55 2.770e+28 2.147e+29 6.567e+30
    12 4.032e+04 3.336e+46 7.360e+47 4.709e+50 5.163e+50 1.139e+52 7.289e+54 8.920e+26 1.366e+28 2.306e+30
    13 5.080e+04 1.340e+44 8.929e+45 4.966e+49 1.646e+48 1.097e+50 6.100e+53 7.204e+24 2.587e+26 3.691e+29
    14 6.400e+04 1.007e+41 2.028e+43 9.816e+47 9.821e+44 1.978e+47 9.571e+51 9.570e+21 1.002e+24 1.588e+28
    15 8.063e+04 1.322e+37 6.505e+39 1.991e+46 1.023e+41 5.034e+43 1.541e+50 1.255e+18 4.948e+20 1.755e+26
    16 1.016e+05 8.073e+32 4.506e+35 6.974e+44 4.959e+36 2.768e+39 4.283e+48 1.006e+13 1.740e+16 6.802e+23
    17 1.280e+05 4.518e+28 2.878e+31 4.686e+41 2.203e+32 1.403e+35 2.284e+45 4.468e+06 2.587e+10 9.032e+21
    18 1.613e+05 1.667e+26 2.275e+27 1.233e+40 6.451e+29 8.802e+30 4.769e+43 6.713e+00 3.140e+04 6.155e+19
    19 2.032e+05 2.544e+25 3.070e+25 8.018e+37 7.813e+28 9.429e+28 2.462e+41 8.315e-01 2.090e-01 1.238e+17
    20 2.560e+05 6.885e+25 2.784e+20 5.025e+35 1.678e+29 6.785e+23 1.225e+39 7.608e-01 1.148e-06 1.106e+16
    21 3.225e+05 8.391e+25 1.040e+19 1.507e+34 1.623e+29 2.013e+22 2.915e+37 6.710e-01 4.104e-12 1.062e+13



               top$********* cycle= 1.00420e+04   time= 5.923e-01   dt= 3.042e-05 *****************

1.699e-01   dnuc= 2.373e+14   d(1) bounce= 5.485e+14   r.s.(0)= 1.163e+00


 -------------neutrino information follows----------

       onue-          oanue-         omutaue-      tot e-out
      9.357e+51      5.234e+51      2.036e+52      3.495e+52

       onun           oanun          omutaun       tot n out
      6.747e+56      2.882e+56      8.652e+56      1.828e+57

  1.160e+52     7.728e+51       2.847e+52

  5.214e+06              4.470e+06      5.641e+06

  1.023e+00      9.585e-01

          neutrino edit r=  3.000e+07

  1.006e+04    1.291e+04    1.679e+04

           g       fout      hout      hmout     fnot      hnot     hmnot     f(118)     h(118)     hm(118)
     2 4.000e+03 2.971e+50 4.189e+49 1.731e+50 4.635e+55 6.535e+54 2.701e+55 2.045e+30 5.976e+29 2.068e+30
     3 5.040e+03 5.910e+50 1.173e+50 3.465e+50 7.317e+55 1.452e+55 4.290e+55 3.358e+30 1.325e+30 3.422e+30
     4 6.350e+03 1.089e+51 2.861e+50 6.462e+50 1.070e+56 2.812e+55 6.351e+55 5.080e+30 2.635e+30 5.330e+30
     5 8.000e+03 1.755e+51 5.905e+50 1.111e+51 1.369e+56 4.606e+55 8.668e+55 6.842e+30 4.605e+30 7.692e+30
     6 1.008e+04 2.195e+51 9.878e+50 1.757e+51 1.359e+56 6.116e+55 1.088e+56 7.766e+30 6.812e+30 1.021e+31
     7 1.270e+04 1.885e+51 1.253e+51 2.572e+51 9.260e+55 6.158e+55 1.264e+56 6.876e+30 8.090e+30 1.249e+31
     8 1.600e+04 1.023e+51 1.112e+51 3.434e+51 3.991e+55 4.338e+55 1.339e+56 4.375e+30 7.177e+30 1.409e+31
     9 2.016e+04 3.146e+50 6.172e+50 3.970e+51 9.737e+54 1.910e+55 1.229e+56 1.815e+30 4.319e+30 1.411e+31
    10 2.540e+04 4.706e+49 1.872e+50 3.516e+51 1.156e+54 4.599e+54 8.639e+55 4.279e+29 1.557e+30 1.162e+31
    11 3.200e+04 2.841e+48 2.540e+49 2.038e+51 5.540e+52 4.953e+53 3.974e+55 4.776e+28 2.858e+29 7.110e+30
    12 4.032e+04 5.802e+46 1.289e+48 6.316e+50 8.979e+50 1.995e+52 9.775e+54 1.976e+27 2.149e+28 2.695e+30
    13 5.080e+04 2.999e+44 1.836e+46 7.566e+49 3.684e+48 2.256e+50 9.294e+53 2.197e+25 5.049e+26 4.868e+29
    14 6.400e+04 2.727e+41 5.120e+43 1.959e+48 2.659e+45 4.992e+47 1.910e+52 4.357e+22 2.585e+24 2.667e+28
    15 8.063e+04 3.342e+37 1.923e+40 3.282e+46 2.586e+41 1.488e+44 2.540e+50 9.356e+18 1.826e+21 1.728e+26
    16 1.016e+05 1.321e+33 1.109e+36 1.115e+45 8.114e+36 6.811e+39 6.849e+48 1.238e+14 1.015e+17 2.548e+24
    17 1.280e+05 5.755e+28 4.556e+31 4.574e+41 2.805e+32 2.221e+35 2.230e+45 5.667e+07 2.313e+11 5.950e+22
    18 1.613e+05 1.724e+26 2.831e+27 4.493e+40 6.672e+29 1.095e+31 1.738e+44 3.478e+00 2.807e+04 1.264e+20
    19 2.032e+05 3.250e+25 3.068e+25 3.035e+38 9.982e+28 9.423e+28 9.322e+41 8.250e-01 4.069e-02 7.647e+17
    20 2.560e+05 7.754e+25 2.777e+20 1.489e+36 1.890e+29 6.769e+23 3.629e+39 7.519e-01 8.950e-08 7.367e+13
    21 3.225e+05 9.448e+25 1.040e+19 8.127e+34 1.828e+29 2.013e+22 1.572e+38 6.598e-01 1.358e-14 1.575e+12



               top$********* cycle= 1.02140e+04   time= 5.975e-01   dt= 2.951e-05 *****************

1.750e-01   dnuc= 2.372e+14   d(1) bounce= 5.485e+14   r.s.(0)= 1.165e+00


 -------------neutrino information follows----------

       onue-          oanue-         omutaue-      tot e-out
      9.600e+51      5.524e+51      2.128e+52      3.640e+52

       onun           oanun          omutaun       tot n out
      6.911e+56      3.031e+56      9.016e+56      1.896e+57

  1.187e+52     8.063e+51       2.957e+52

  5.105e+06              4.386e+06      5.509e+06

  1.023e+00      9.575e-01

          neutrino edit r=  3.000e+07

  1.017e+04    1.302e+04    1.688e+04

           g       fout      hout      hmout     fnot      hnot     hmnot     f(118)     h(118)     hm(118)
     2 4.000e+03 3.037e+50 4.369e+49 1.790e+50 4.738e+55 6.816e+54 2.793e+55 2.024e+30 5.933e+29 2.082e+30
     3 5.040e+03 6.044e+50 1.223e+50 3.586e+50 7.483e+55 1.515e+55 4.440e+55 3.327e+30 1.317e+30 3.449e+30
     4 6.350e+03 1.114e+51 2.986e+50 6.697e+50 1.094e+56 2.934e+55 6.581e+55 5.048e+30 2.624e+30 5.380e+30
     5 8.000e+03 1.794e+51 6.173e+50 1.153e+51 1.400e+56 4.815e+55 8.996e+55 6.836e+30 4.601e+30 7.779e+30
     6 1.008e+04 2.247e+51 1.035e+51 1.826e+51 1.391e+56 6.411e+55 1.130e+56 7.831e+30 6.843e+30 1.035e+31
     7 1.270e+04 1.935e+51 1.320e+51 2.676e+51 9.510e+55 6.484e+55 1.315e+56 7.042e+30 8.194e+30 1.268e+31
     8 1.600e+04 1.058e+51 1.179e+51 3.579e+51 4.125e+55 4.598e+55 1.396e+56 4.576e+30 7.360e+30 1.432e+31
     9 2.016e+04 3.288e+50 6.608e+50 4.146e+51 1.018e+55 2.046e+55 1.283e+56 1.954e+30 4.511e+30 1.439e+31
    10 2.540e+04 5.019e+49 2.034e+50 3.687e+51 1.233e+54 4.997e+54 9.058e+55 4.785e+29 1.668e+30 1.192e+31
    11 3.200e+04 3.136e+48 2.824e+49 2.155e+51 6.115e+52 5.507e+53 4.203e+55 5.618e+28 3.172e+29 7.374e+30
    12 4.032e+04 6.731e+46 1.476e+48 6.783e+50 1.042e+51 2.284e+52 1.050e+55 2.480e+27 2.496e+28 2.849e+30
    13 5.080e+04 3.699e+44 2.186e+46 8.382e+49 4.544e+48 2.686e+50 1.030e+54 3.001e+25 6.229e+26 5.308e+29
    14 6.400e+04 3.549e+41 6.415e+43 2.322e+48 3.460e+45 6.254e+47 2.264e+52 6.610e+22 3.449e+24 3.049e+28
    15 8.063e+04 4.307e+37 2.519e+40 3.702e+46 3.333e+41 1.949e+44 2.865e+50 1.608e+19 2.693e+21 1.554e+26
    16 1.016e+05 1.469e+33 1.362e+36 1.232e+45 9.025e+36 8.366e+39 7.566e+48 2.460e+14 1.691e+17 3.468e+24
    17 1.280e+05 5.978e+28 4.927e+31 5.152e+41 2.914e+32 2.402e+35 2.512e+45 1.344e+08 4.452e+11 7.684e+22
    18 1.613e+05 1.739e+26 2.920e+27 5.096e+40 6.729e+29 1.130e+31 1.972e+44 5.226e+00 4.433e+04 2.187e+20
    19 2.032e+05 3.435e+25 3.068e+25 3.924e+38 1.055e+29 9.422e+28 1.205e+42 8.299e-01 3.775e-02 1.072e+18
    20 2.560e+05 7.980e+25 2.776e+20 1.233e+36 1.945e+29 6.767e+23 3.004e+39 7.583e-01 6.672e-08 1.146e+15
    21 3.225e+05 9.724e+25 1.040e+19 9.225e+34 1.881e+29 2.013e+22 1.785e+38 6.677e-01 1.464e-14 2.150e+12



               top$********* cycle= 1.11240e+04   time= 6.225e-01   dt= 5.098e-05 *****************

2.001e-01   dnuc= 2.368e+14   d(1) bounce= 5.485e+14   r.s.(0)= 1.175e+00


 -------------neutrino information follows----------

       onue-          oanue-         omutaue-      tot e-out
      1.077e+52      6.925e+51      2.581e+52      4.350e+52

       onun           oanun          omutaun       tot n out
      7.681e+56      3.741e+56      1.077e+57      2.219e+57

  1.299e+52     9.376e+51       3.394e+52

  4.549e+06              3.975e+06      4.877e+06

  1.027e+00      9.519e-01

          neutrino edit r=  3.000e+07

  1.059e+04    1.341e+04    1.722e+04

           g       fout      hout      hmout     fnot      hnot     hmnot     f(119)     h(119)     hm(119)
     2 4.000e+03 3.329e+50 5.190e+49 2.064e+50 5.193e+55 8.097e+54 3.219e+55 1.598e+30 4.674e+29 1.767e+30
     3 5.040e+03 6.639e+50 1.452e+50 4.152e+50 8.220e+55 1.798e+55 5.141e+55 2.636e+30 1.030e+30 2.936e+30
     4 6.350e+03 1.225e+51 3.553e+50 7.798e+50 1.204e+56 3.492e+55 7.664e+55 4.027e+30 2.049e+30 4.603e+30
     5 8.000e+03 1.976e+51 7.398e+50 1.351e+51 1.541e+56 5.771e+55 1.054e+56 5.533e+30 3.610e+30 6.700e+30
     6 1.008e+04 2.490e+51 1.257e+51 2.153e+51 1.542e+56 7.779e+55 1.333e+56 6.528e+30 5.452e+30 8.976e+30
     7 1.270e+04 2.185e+51 1.634e+51 3.174e+51 1.074e+56 8.027e+55 1.560e+56 6.159e+30 6.702e+30 1.106e+31
     8 1.600e+04 1.236e+51 1.505e+51 4.274e+51 4.820e+55 5.869e+55 1.667e+56 4.311e+30 6.283e+30 1.254e+31
     9 2.016e+04 4.089e+50 8.830e+50 5.000e+51 1.266e+55 2.733e+55 1.548e+56 2.054e+30 4.110e+30 1.272e+31
    10 2.540e+04 6.969e+49 2.908e+50 4.533e+51 1.712e+54 7.145e+54 1.114e+56 5.895e+29 1.675e+30 1.075e+31
    11 3.200e+04 5.248e+48 4.483e+49 2.756e+51 1.023e+53 8.742e+53 5.374e+55 8.642e+28 3.666e+29 6.881e+30
    12 4.032e+04 1.461e+47 2.685e+48 9.301e+50 2.261e+51 4.156e+52 1.439e+55 5.159e+27 3.526e+28 2.842e+30
    13 5.080e+04 1.091e+45 4.751e+46 1.314e+50 1.340e+49 5.836e+50 1.614e+54 9.313e+25 1.153e+27 5.923e+29
    14 6.400e+04 1.409e+42 1.721e+44 4.779e+48 1.373e+46 1.678e+48 4.660e+52 3.433e+23 9.154e+24 4.247e+28
    15 8.063e+04 1.900e+38 8.107e+40 5.909e+46 1.471e+42 6.274e+44 4.573e+50 1.582e+20 1.140e+22 9.262e+25
    16 1.016e+05 3.066e+33 3.597e+36 1.745e+45 1.883e+37 2.209e+40 1.072e+49 5.067e+15 1.289e+18 9.961e+24
    17 1.280e+05 7.021e+28 6.788e+31 1.633e+42 3.423e+32 3.309e+35 7.959e+45 5.869e+09 6.819e+12 9.471e+22
    18 1.613e+05 1.812e+26 3.198e+27 6.623e+40 7.012e+29 1.237e+31 2.563e+44 1.281e+02 8.125e+05 7.272e+20
    19 2.032e+05 4.339e+25 3.067e+25 6.742e+38 1.333e+29 9.420e+28 2.071e+42 7.834e-01 1.023e-02 3.049e+18
    20 2.560e+05 9.092e+25 2.774e+20 2.805e+36 2.216e+29 6.763e+23 6.836e+39 6.990e-01 7.035e-09 7.637e+15
    21 3.225e+05 1.108e+26 1.040e+19 1.209e+35 2.143e+29 2.013e+22 2.340e+38 5.976e-01 9.750e-15 1.158e+13



               top$********* cycle= 1.16600e+04   time= 6.475e-01   dt= 4.329e-05 *****************

2.251e-01   dnuc= 2.364e+14   d(1) bounce= 5.485e+14   r.s.(0)= 1.185e+00


 -------------neutrino information follows----------

       onue-          oanue-         omutaue-      tot e-out
      1.188e+52      8.248e+51      3.021e+52      5.033e+52

       onun           oanun          omutaun       tot n out
      8.371e+56      4.390e+56      1.242e+57      2.518e+57

  1.394e+52     1.047e+52       3.772e+52

  4.137e+06              3.666e+06      4.404e+06

  1.030e+00      9.466e-01

          neutrino edit r=  3.000e+07

  1.123e+04    1.388e+04    1.805e+04

           g       fout      hout      hmout     fnot      hnot     hmnot     f(120)     h(120)     hm(120)
     1 4.000e+03 3.572e+50 5.896e+49 2.308e+50 5.572e+55 9.198e+54 3.600e+55 1.325e+30 3.847e+29 1.422e+30
     2 5.040e+03 7.138e+50 1.648e+50 4.661e+50 8.838e+55 2.040e+55 5.771e+55 2.176e+30 8.421e+29 2.359e+30
     3 6.350e+03 1.319e+51 4.039e+50 8.796e+50 1.296e+56 3.969e+55 8.644e+55 3.381e+30 1.671e+30 3.747e+30
     4 8.000e+03 2.133e+51 8.457e+50 1.533e+51 1.664e+56 6.596e+55 1.195e+56 4.759e+30 2.954e+30 5.570e+30
     5 1.008e+04 2.712e+51 1.451e+51 2.456e+51 1.679e+56 8.984e+55 1.520e+56 5.797e+30 4.525e+30 7.646e+30
     6 1.270e+04 2.426e+51 1.919e+51 3.638e+51 1.192e+56 9.431e+55 1.788e+56 5.699e+30 5.701e+30 9.644e+30
     7 1.600e+04 1.424e+51 1.816e+51 4.929e+51 5.554e+55 7.081e+55 1.922e+56 4.237e+30 5.564e+30 1.118e+31
     8 2.016e+04 5.042e+50 1.111e+51 5.817e+51 1.561e+55 3.438e+55 1.801e+56 2.206e+30 3.867e+30 1.159e+31
     9 2.540e+04 9.704e+49 3.896e+50 5.366e+51 2.384e+54 9.572e+54 1.318e+56 7.228e+29 1.721e+30 1.006e+31
    10 3.200e+04 8.944e+48 6.635e+49 3.376e+51 1.744e+53 1.294e+54 6.584e+55 1.283e+29 4.268e+29 6.732e+30
    11 4.032e+04 3.309e+47 4.580e+48 1.212e+51 5.121e+51 7.088e+52 1.876e+55 1.006e+28 4.910e+28 3.010e+30
    12 5.080e+04 3.568e+45 9.897e+46 1.919e+50 4.383e+49 1.216e+51 2.357e+54 2.656e+26 2.053e+27 7.222e+29
    13 6.400e+04 7.272e+42 4.719e+44 8.741e+48 7.090e+46 4.601e+48 8.522e+52 1.638e+24 2.281e+25 6.756e+28
    14 8.063e+04 1.640e+39 3.158e+41 7.175e+46 1.269e+43 2.444e+45 5.552e+50 1.480e+21 4.450e+22 9.858e+26
    15 1.016e+05 2.498e+34 1.765e+37 2.483e+45 1.535e+38 1.084e+41 1.525e+49 1.100e+17 9.035e+18 2.692e+25
    16 1.280e+05 1.174e+29 1.344e+32 1.160e+43 5.724e+32 6.550e+35 5.655e+46 3.405e+11 9.941e+13 2.173e+23
    17 1.613e+05 1.880e+26 3.474e+27 6.492e+40 7.273e+29 1.344e+31 2.512e+44 2.114e+04 2.776e+07 1.774e+21
    18 2.032e+05 5.176e+25 3.067e+25 8.698e+38 1.590e+29 9.419e+28 2.671e+42 8.416e-01 4.509e-01 8.697e+18
    19 2.560e+05 1.012e+26 2.774e+20 4.461e+36 2.468e+29 6.762e+23 1.087e+40 7.736e-01 2.600e-07 2.447e+16
    20 3.225e+05 1.233e+26 1.040e+19 1.302e+35 2.386e+29 2.013e+22 2.519e+38 6.864e-01 1.183e-13 3.723e+13



